2.485004999999783593e+01 0.000000000000000000e+00
2.485014999999783569e+01 1.000000000000000000e+00
2.485024999999783546e+01 0.000000000000000000e+00
2.485034999999783523e+01 0.000000000000000000e+00
2.485044999999783499e+01 0.000000000000000000e+00
2.485054999999783476e+01 1.000000000000000000e+00
2.485064999999783453e+01 2.000000000000000000e+00
2.485074999999783429e+01 0.000000000000000000e+00
2.485084999999783406e+01 0.000000000000000000e+00
2.485094999999783383e+01 0.000000000000000000e+00
2.485104999999783359e+01 0.000000000000000000e+00
2.485114999999783336e+01 0.000000000000000000e+00
2.485124999999783313e+01 0.000000000000000000e+00
2.485134999999783290e+01 2.000000000000000000e+00
2.485144999999783266e+01 1.000000000000000000e+00
2.485154999999783243e+01 0.000000000000000000e+00
2.485164999999783220e+01 1.000000000000000000e+00
2.485174999999783196e+01 0.000000000000000000e+00
2.485184999999783173e+01 1.000000000000000000e+00
2.485194999999783150e+01 0.000000000000000000e+00
2.485204999999783126e+01 0.000000000000000000e+00
2.485214999999783103e+01 0.000000000000000000e+00
2.485224999999783080e+01 1.000000000000000000e+00
2.485234999999783057e+01 1.000000000000000000e+00
2.485244999999783033e+01 0.000000000000000000e+00
2.485254999999783010e+01 1.000000000000000000e+00
2.485264999999782987e+01 0.000000000000000000e+00
2.485274999999782963e+01 1.000000000000000000e+00
2.485284999999782940e+01 0.000000000000000000e+00
2.485294999999782917e+01 0.000000000000000000e+00
2.485304999999782893e+01 0.000000000000000000e+00
2.485314999999782870e+01 0.000000000000000000e+00
2.485324999999782847e+01 0.000000000000000000e+00
2.485334999999782823e+01 0.000000000000000000e+00
2.485344999999782800e+01 0.000000000000000000e+00
2.485354999999782777e+01 0.000000000000000000e+00
2.485364999999782754e+01 0.000000000000000000e+00
2.485374999999782730e+01 0.000000000000000000e+00
2.485384999999782707e+01 0.000000000000000000e+00
2.485394999999782684e+01 0.000000000000000000e+00
2.485404999999782660e+01 0.000000000000000000e+00
2.485414999999782637e+01 0.000000000000000000e+00
2.485424999999782614e+01 1.000000000000000000e+00
2.485434999999782590e+01 1.000000000000000000e+00
2.485444999999782567e+01 0.000000000000000000e+00
2.485454999999782544e+01 0.000000000000000000e+00
2.485464999999782520e+01 0.000000000000000000e+00
2.485474999999782497e+01 1.000000000000000000e+00
2.485484999999782474e+01 0.000000000000000000e+00
2.485494999999782451e+01 0.000000000000000000e+00
2.485504999999782427e+01 0.000000000000000000e+00
2.485514999999782404e+01 0.000000000000000000e+00
2.485524999999782381e+01 0.000000000000000000e+00
2.485534999999782357e+01 1.000000000000000000e+00
2.485544999999782334e+01 0.000000000000000000e+00
2.485554999999782311e+01 0.000000000000000000e+00
2.485564999999782287e+01 0.000000000000000000e+00
2.485574999999782264e+01 1.000000000000000000e+00
2.485584999999782241e+01 2.000000000000000000e+00
2.485594999999782218e+01 0.000000000000000000e+00
2.485604999999782194e+01 0.000000000000000000e+00
2.485614999999782171e+01 1.000000000000000000e+00
2.485624999999782148e+01 0.000000000000000000e+00
2.485634999999782124e+01 2.000000000000000000e+00
2.485644999999782101e+01 1.000000000000000000e+00
2.485654999999782078e+01 1.000000000000000000e+00
2.485664999999782054e+01 0.000000000000000000e+00
2.485674999999782031e+01 0.000000000000000000e+00
2.485684999999782008e+01 2.000000000000000000e+00
2.485694999999781984e+01 1.000000000000000000e+00
2.485704999999781961e+01 0.000000000000000000e+00
2.485714999999781938e+01 0.000000000000000000e+00
2.485724999999781915e+01 1.000000000000000000e+00
2.485734999999781891e+01 1.000000000000000000e+00
2.485744999999781868e+01 0.000000000000000000e+00
2.485754999999781845e+01 0.000000000000000000e+00
2.485764999999781821e+01 4.000000000000000000e+00
2.485774999999781798e+01 0.000000000000000000e+00
2.485784999999781775e+01 1.000000000000000000e+00
2.485794999999781751e+01 0.000000000000000000e+00
2.485804999999781728e+01 0.000000000000000000e+00
2.485814999999781705e+01 0.000000000000000000e+00
2.485824999999781681e+01 0.000000000000000000e+00
2.485834999999781658e+01 1.000000000000000000e+00
2.485844999999781635e+01 0.000000000000000000e+00
2.485854999999781612e+01 0.000000000000000000e+00
2.485864999999781588e+01 0.000000000000000000e+00
2.485874999999781565e+01 0.000000000000000000e+00
2.485884999999781542e+01 1.000000000000000000e+00
2.485894999999781518e+01 1.000000000000000000e+00
2.485904999999781495e+01 0.000000000000000000e+00
2.485914999999781472e+01 1.000000000000000000e+00
2.485924999999781448e+01 0.000000000000000000e+00
2.485934999999781425e+01 0.000000000000000000e+00
2.485944999999781402e+01 0.000000000000000000e+00
2.485954999999781379e+01 1.000000000000000000e+00
2.485964999999781355e+01 1.000000000000000000e+00
2.485974999999781332e+01 0.000000000000000000e+00
2.485984999999781309e+01 0.000000000000000000e+00
2.485994999999781285e+01 0.000000000000000000e+00
2.486004999999781262e+01 0.000000000000000000e+00
2.486014999999781239e+01 0.000000000000000000e+00
2.486024999999781215e+01 1.000000000000000000e+00
2.486034999999781192e+01 0.000000000000000000e+00
2.486044999999781169e+01 0.000000000000000000e+00
2.486054999999781145e+01 0.000000000000000000e+00
2.486064999999781122e+01 0.000000000000000000e+00
2.486074999999781099e+01 0.000000000000000000e+00
2.486084999999781076e+01 1.000000000000000000e+00
2.486094999999781052e+01 0.000000000000000000e+00
2.486104999999781029e+01 1.000000000000000000e+00
2.486114999999781006e+01 0.000000000000000000e+00
2.486124999999780982e+01 0.000000000000000000e+00
2.486134999999780959e+01 0.000000000000000000e+00
2.486144999999780936e+01 0.000000000000000000e+00
2.486154999999780912e+01 0.000000000000000000e+00
2.486164999999780889e+01 1.000000000000000000e+00
2.486174999999780866e+01 0.000000000000000000e+00
2.486184999999780842e+01 0.000000000000000000e+00
2.486194999999780819e+01 0.000000000000000000e+00
2.486204999999780796e+01 1.000000000000000000e+00
2.486214999999780773e+01 2.000000000000000000e+00
2.486224999999780749e+01 1.000000000000000000e+00
2.486234999999780726e+01 0.000000000000000000e+00
2.486244999999780703e+01 1.000000000000000000e+00
2.486254999999780679e+01 0.000000000000000000e+00
2.486264999999780656e+01 0.000000000000000000e+00
2.486274999999780633e+01 1.000000000000000000e+00
2.486284999999780609e+01 0.000000000000000000e+00
2.486294999999780586e+01 0.000000000000000000e+00
2.486304999999780563e+01 0.000000000000000000e+00
2.486314999999780539e+01 0.000000000000000000e+00
2.486324999999780516e+01 0.000000000000000000e+00
2.486334999999780493e+01 0.000000000000000000e+00
2.486344999999780470e+01 2.000000000000000000e+00
2.486354999999780446e+01 1.000000000000000000e+00
2.486364999999780423e+01 0.000000000000000000e+00
2.486374999999780400e+01 0.000000000000000000e+00
2.486384999999780376e+01 1.000000000000000000e+00
2.486394999999780353e+01 1.000000000000000000e+00
2.486404999999780330e+01 0.000000000000000000e+00
2.486414999999780306e+01 0.000000000000000000e+00
2.486424999999780283e+01 1.000000000000000000e+00
2.486434999999780260e+01 1.000000000000000000e+00
2.486444999999780237e+01 0.000000000000000000e+00
2.486454999999780213e+01 0.000000000000000000e+00
2.486464999999780190e+01 0.000000000000000000e+00
2.486474999999780167e+01 1.000000000000000000e+00
2.486484999999780143e+01 1.000000000000000000e+00
2.486494999999780120e+01 0.000000000000000000e+00
2.486504999999780097e+01 0.000000000000000000e+00
2.486514999999780073e+01 0.000000000000000000e+00
2.486524999999780050e+01 1.000000000000000000e+00
2.486534999999780027e+01 0.000000000000000000e+00
2.486544999999780003e+01 1.000000000000000000e+00
2.486554999999779980e+01 0.000000000000000000e+00
2.486564999999779957e+01 1.000000000000000000e+00
2.486574999999779934e+01 1.000000000000000000e+00
2.486584999999779910e+01 0.000000000000000000e+00
2.486594999999779887e+01 2.000000000000000000e+00
2.486604999999779864e+01 0.000000000000000000e+00
2.486614999999779840e+01 0.000000000000000000e+00
2.486624999999779817e+01 0.000000000000000000e+00
2.486634999999779794e+01 0.000000000000000000e+00
2.486644999999779770e+01 1.000000000000000000e+00
2.486654999999779747e+01 1.000000000000000000e+00
2.486664999999779724e+01 0.000000000000000000e+00
2.486674999999779700e+01 0.000000000000000000e+00
2.486684999999779677e+01 0.000000000000000000e+00
2.486694999999779654e+01 0.000000000000000000e+00
2.486704999999779631e+01 0.000000000000000000e+00
2.486714999999779607e+01 0.000000000000000000e+00
2.486724999999779584e+01 1.000000000000000000e+00
2.486734999999779561e+01 0.000000000000000000e+00
2.486744999999779537e+01 0.000000000000000000e+00
2.486754999999779514e+01 1.000000000000000000e+00
2.486764999999779491e+01 0.000000000000000000e+00
2.486774999999779467e+01 0.000000000000000000e+00
2.486784999999779444e+01 1.000000000000000000e+00
2.486794999999779421e+01 0.000000000000000000e+00
2.486804999999779398e+01 1.000000000000000000e+00
2.486814999999779374e+01 0.000000000000000000e+00
2.486824999999779351e+01 0.000000000000000000e+00
2.486834999999779328e+01 0.000000000000000000e+00
2.486844999999779304e+01 0.000000000000000000e+00
2.486854999999779281e+01 2.000000000000000000e+00
2.486864999999779258e+01 0.000000000000000000e+00
2.486874999999779234e+01 0.000000000000000000e+00
2.486884999999779211e+01 0.000000000000000000e+00
2.486894999999779188e+01 0.000000000000000000e+00
2.486904999999779164e+01 0.000000000000000000e+00
2.486914999999779141e+01 1.000000000000000000e+00
2.486924999999779118e+01 0.000000000000000000e+00
2.486934999999779095e+01 0.000000000000000000e+00
2.486944999999779071e+01 0.000000000000000000e+00
2.486954999999779048e+01 0.000000000000000000e+00
2.486964999999779025e+01 0.000000000000000000e+00
2.486974999999779001e+01 0.000000000000000000e+00
2.486984999999778978e+01 1.000000000000000000e+00
2.486994999999778955e+01 1.000000000000000000e+00
2.487004999999778931e+01 0.000000000000000000e+00
2.487014999999778908e+01 2.000000000000000000e+00
2.487024999999778885e+01 0.000000000000000000e+00
2.487034999999778861e+01 1.000000000000000000e+00
2.487044999999778838e+01 0.000000000000000000e+00
2.487054999999778815e+01 2.000000000000000000e+00
2.487064999999778792e+01 0.000000000000000000e+00
2.487074999999778768e+01 0.000000000000000000e+00
2.487084999999778745e+01 0.000000000000000000e+00
2.487094999999778722e+01 0.000000000000000000e+00
2.487104999999778698e+01 0.000000000000000000e+00
2.487114999999778675e+01 1.000000000000000000e+00
2.487124999999778652e+01 1.000000000000000000e+00
2.487134999999778628e+01 0.000000000000000000e+00
2.487144999999778605e+01 1.000000000000000000e+00
2.487154999999778582e+01 0.000000000000000000e+00
2.487164999999778559e+01 0.000000000000000000e+00
2.487174999999778535e+01 1.000000000000000000e+00
2.487184999999778512e+01 0.000000000000000000e+00
2.487194999999778489e+01 0.000000000000000000e+00
2.487204999999778465e+01 1.000000000000000000e+00
2.487214999999778442e+01 1.000000000000000000e+00
2.487224999999778419e+01 1.000000000000000000e+00
2.487234999999778395e+01 0.000000000000000000e+00
2.487244999999778372e+01 0.000000000000000000e+00
2.487254999999778349e+01 0.000000000000000000e+00
2.487264999999778325e+01 0.000000000000000000e+00
2.487274999999778302e+01 0.000000000000000000e+00
2.487284999999778279e+01 0.000000000000000000e+00
2.487294999999778256e+01 0.000000000000000000e+00
2.487304999999778232e+01 0.000000000000000000e+00
2.487314999999778209e+01 1.000000000000000000e+00
2.487324999999778186e+01 0.000000000000000000e+00
2.487334999999778162e+01 0.000000000000000000e+00
2.487344999999778139e+01 0.000000000000000000e+00
2.487354999999778116e+01 0.000000000000000000e+00
2.487364999999778092e+01 0.000000000000000000e+00
2.487374999999778069e+01 1.000000000000000000e+00
2.487384999999778046e+01 0.000000000000000000e+00
2.487394999999778022e+01 1.000000000000000000e+00
2.487404999999777999e+01 0.000000000000000000e+00
2.487414999999777976e+01 0.000000000000000000e+00
2.487424999999777953e+01 0.000000000000000000e+00
2.487434999999777929e+01 0.000000000000000000e+00
2.487444999999777906e+01 0.000000000000000000e+00
2.487454999999777883e+01 0.000000000000000000e+00
2.487464999999777859e+01 0.000000000000000000e+00
2.487474999999777836e+01 0.000000000000000000e+00
2.487484999999777813e+01 0.000000000000000000e+00
2.487494999999777789e+01 1.000000000000000000e+00
2.487504999999777766e+01 0.000000000000000000e+00
2.487514999999777743e+01 0.000000000000000000e+00
2.487524999999777719e+01 1.000000000000000000e+00
2.487534999999777696e+01 1.000000000000000000e+00
2.487544999999777673e+01 0.000000000000000000e+00
2.487554999999777650e+01 2.000000000000000000e+00
2.487564999999777626e+01 0.000000000000000000e+00
2.487574999999777603e+01 1.000000000000000000e+00
2.487584999999777580e+01 2.000000000000000000e+00
2.487594999999777556e+01 0.000000000000000000e+00
2.487604999999777533e+01 0.000000000000000000e+00
2.487614999999777510e+01 0.000000000000000000e+00
2.487624999999777486e+01 0.000000000000000000e+00
2.487634999999777463e+01 0.000000000000000000e+00
2.487644999999777440e+01 0.000000000000000000e+00
2.487654999999777417e+01 0.000000000000000000e+00
2.487664999999777393e+01 0.000000000000000000e+00
2.487674999999777370e+01 0.000000000000000000e+00
2.487684999999777347e+01 0.000000000000000000e+00
2.487694999999777323e+01 0.000000000000000000e+00
2.487704999999777300e+01 0.000000000000000000e+00
2.487714999999777277e+01 0.000000000000000000e+00
2.487724999999777253e+01 1.000000000000000000e+00
2.487734999999777230e+01 0.000000000000000000e+00
2.487744999999777207e+01 0.000000000000000000e+00
2.487754999999777183e+01 0.000000000000000000e+00
2.487764999999777160e+01 1.000000000000000000e+00
2.487774999999777137e+01 2.000000000000000000e+00
2.487784999999777114e+01 1.000000000000000000e+00
2.487794999999777090e+01 2.000000000000000000e+00
2.487804999999777067e+01 0.000000000000000000e+00
2.487814999999777044e+01 1.000000000000000000e+00
2.487824999999777020e+01 0.000000000000000000e+00
2.487834999999776997e+01 1.000000000000000000e+00
2.487844999999776974e+01 1.000000000000000000e+00
2.487854999999776950e+01 0.000000000000000000e+00
2.487864999999776927e+01 2.000000000000000000e+00
2.487874999999776904e+01 0.000000000000000000e+00
2.487884999999776880e+01 0.000000000000000000e+00
2.487894999999776857e+01 0.000000000000000000e+00
2.487904999999776834e+01 0.000000000000000000e+00
2.487914999999776811e+01 0.000000000000000000e+00
2.487924999999776787e+01 0.000000000000000000e+00
2.487934999999776764e+01 1.000000000000000000e+00
2.487944999999776741e+01 1.000000000000000000e+00
2.487954999999776717e+01 1.000000000000000000e+00
2.487964999999776694e+01 2.000000000000000000e+00
2.487974999999776671e+01 0.000000000000000000e+00
2.487984999999776647e+01 0.000000000000000000e+00
2.487994999999776624e+01 0.000000000000000000e+00
2.488004999999776601e+01 1.000000000000000000e+00
2.488014999999776578e+01 0.000000000000000000e+00
2.488024999999776554e+01 0.000000000000000000e+00
2.488034999999776531e+01 0.000000000000000000e+00
2.488044999999776508e+01 0.000000000000000000e+00
2.488054999999776484e+01 0.000000000000000000e+00
2.488064999999776461e+01 0.000000000000000000e+00
2.488074999999776438e+01 0.000000000000000000e+00
2.488084999999776414e+01 0.000000000000000000e+00
2.488094999999776391e+01 0.000000000000000000e+00
2.488104999999776368e+01 0.000000000000000000e+00
2.488114999999776344e+01 0.000000000000000000e+00
2.488124999999776321e+01 0.000000000000000000e+00
2.488134999999776298e+01 0.000000000000000000e+00
2.488144999999776275e+01 0.000000000000000000e+00
2.488154999999776251e+01 1.000000000000000000e+00
2.488164999999776228e+01 1.000000000000000000e+00
2.488174999999776205e+01 1.000000000000000000e+00
2.488184999999776181e+01 0.000000000000000000e+00
2.488194999999776158e+01 1.000000000000000000e+00
2.488204999999776135e+01 2.000000000000000000e+00
2.488214999999776111e+01 0.000000000000000000e+00
2.488224999999776088e+01 0.000000000000000000e+00
2.488234999999776065e+01 1.000000000000000000e+00
2.488244999999776041e+01 2.000000000000000000e+00
2.488254999999776018e+01 1.000000000000000000e+00
2.488264999999775995e+01 1.000000000000000000e+00
2.488274999999775972e+01 1.000000000000000000e+00
2.488284999999775948e+01 0.000000000000000000e+00
2.488294999999775925e+01 0.000000000000000000e+00
2.488304999999775902e+01 0.000000000000000000e+00
2.488314999999775878e+01 0.000000000000000000e+00
2.488324999999775855e+01 0.000000000000000000e+00
2.488334999999775832e+01 0.000000000000000000e+00
2.488344999999775808e+01 0.000000000000000000e+00
2.488354999999775785e+01 1.000000000000000000e+00
2.488364999999775762e+01 0.000000000000000000e+00
2.488374999999775739e+01 0.000000000000000000e+00
2.488384999999775715e+01 1.000000000000000000e+00
2.488394999999775692e+01 0.000000000000000000e+00
2.488404999999775669e+01 0.000000000000000000e+00
2.488414999999775645e+01 2.000000000000000000e+00
2.488424999999775622e+01 0.000000000000000000e+00
2.488434999999775599e+01 1.000000000000000000e+00
2.488444999999775575e+01 0.000000000000000000e+00
2.488454999999775552e+01 0.000000000000000000e+00
2.488464999999775529e+01 0.000000000000000000e+00
2.488474999999775505e+01 0.000000000000000000e+00
2.488484999999775482e+01 0.000000000000000000e+00
2.488494999999775459e+01 0.000000000000000000e+00
2.488504999999775436e+01 1.000000000000000000e+00
2.488514999999775412e+01 0.000000000000000000e+00
2.488524999999775389e+01 0.000000000000000000e+00
2.488534999999775366e+01 0.000000000000000000e+00
2.488544999999775342e+01 0.000000000000000000e+00
2.488554999999775319e+01 0.000000000000000000e+00
2.488564999999775296e+01 1.000000000000000000e+00
2.488574999999775272e+01 0.000000000000000000e+00
2.488584999999775249e+01 0.000000000000000000e+00
2.488594999999775226e+01 0.000000000000000000e+00
2.488604999999775202e+01 1.000000000000000000e+00
2.488614999999775179e+01 1.000000000000000000e+00
2.488624999999775156e+01 1.000000000000000000e+00
2.488634999999775133e+01 0.000000000000000000e+00
2.488644999999775109e+01 0.000000000000000000e+00
2.488654999999775086e+01 0.000000000000000000e+00
2.488664999999775063e+01 1.000000000000000000e+00
2.488674999999775039e+01 1.000000000000000000e+00
2.488684999999775016e+01 0.000000000000000000e+00
2.488694999999774993e+01 0.000000000000000000e+00
2.488704999999774969e+01 0.000000000000000000e+00
2.488714999999774946e+01 0.000000000000000000e+00
2.488724999999774923e+01 0.000000000000000000e+00
2.488734999999774899e+01 0.000000000000000000e+00
2.488744999999774876e+01 0.000000000000000000e+00
2.488754999999774853e+01 0.000000000000000000e+00
2.488764999999774830e+01 1.000000000000000000e+00
2.488774999999774806e+01 0.000000000000000000e+00
2.488784999999774783e+01 0.000000000000000000e+00
2.488794999999774760e+01 1.000000000000000000e+00
2.488804999999774736e+01 0.000000000000000000e+00
2.488814999999774713e+01 0.000000000000000000e+00
2.488824999999774690e+01 0.000000000000000000e+00
2.488834999999774666e+01 0.000000000000000000e+00
2.488844999999774643e+01 0.000000000000000000e+00
2.488854999999774620e+01 2.000000000000000000e+00
2.488864999999774597e+01 0.000000000000000000e+00
2.488874999999774573e+01 0.000000000000000000e+00
2.488884999999774550e+01 1.000000000000000000e+00
2.488894999999774527e+01 1.000000000000000000e+00
2.488904999999774503e+01 0.000000000000000000e+00
2.488914999999774480e+01 0.000000000000000000e+00
2.488924999999774457e+01 0.000000000000000000e+00
2.488934999999774433e+01 1.000000000000000000e+00
2.488944999999774410e+01 0.000000000000000000e+00
2.488954999999774387e+01 0.000000000000000000e+00
2.488964999999774363e+01 0.000000000000000000e+00
2.488974999999774340e+01 2.000000000000000000e+00
2.488984999999774317e+01 0.000000000000000000e+00
2.488994999999774294e+01 0.000000000000000000e+00
2.489004999999774270e+01 1.000000000000000000e+00
2.489014999999774247e+01 0.000000000000000000e+00
2.489024999999774224e+01 2.000000000000000000e+00
2.489034999999774200e+01 1.000000000000000000e+00
2.489044999999774177e+01 1.000000000000000000e+00
2.489054999999774154e+01 0.000000000000000000e+00
2.489064999999774130e+01 0.000000000000000000e+00
2.489074999999774107e+01 1.000000000000000000e+00
2.489084999999774084e+01 0.000000000000000000e+00
2.489094999999774060e+01 0.000000000000000000e+00
2.489104999999774037e+01 0.000000000000000000e+00
2.489114999999774014e+01 0.000000000000000000e+00
2.489124999999773991e+01 0.000000000000000000e+00
2.489134999999773967e+01 0.000000000000000000e+00
2.489144999999773944e+01 1.000000000000000000e+00
2.489154999999773921e+01 1.000000000000000000e+00
2.489164999999773897e+01 1.000000000000000000e+00
2.489174999999773874e+01 0.000000000000000000e+00
2.489184999999773851e+01 0.000000000000000000e+00
2.489194999999773827e+01 0.000000000000000000e+00
2.489204999999773804e+01 0.000000000000000000e+00
2.489214999999773781e+01 0.000000000000000000e+00
2.489224999999773758e+01 0.000000000000000000e+00
2.489234999999773734e+01 1.000000000000000000e+00
2.489244999999773711e+01 0.000000000000000000e+00
2.489254999999773688e+01 0.000000000000000000e+00
2.489264999999773664e+01 1.000000000000000000e+00
2.489274999999773641e+01 0.000000000000000000e+00
2.489284999999773618e+01 0.000000000000000000e+00
2.489294999999773594e+01 1.000000000000000000e+00
2.489304999999773571e+01 0.000000000000000000e+00
2.489314999999773548e+01 1.000000000000000000e+00
2.489324999999773524e+01 0.000000000000000000e+00
2.489334999999773501e+01 0.000000000000000000e+00
2.489344999999773478e+01 1.000000000000000000e+00
2.489354999999773455e+01 0.000000000000000000e+00
2.489364999999773431e+01 2.000000000000000000e+00
2.489374999999773408e+01 0.000000000000000000e+00
2.489384999999773385e+01 0.000000000000000000e+00
2.489394999999773361e+01 0.000000000000000000e+00
2.489404999999773338e+01 1.000000000000000000e+00
2.489414999999773315e+01 1.000000000000000000e+00
2.489424999999773291e+01 0.000000000000000000e+00
2.489434999999773268e+01 0.000000000000000000e+00
2.489444999999773245e+01 0.000000000000000000e+00
2.489454999999773221e+01 1.000000000000000000e+00
2.489464999999773198e+01 1.000000000000000000e+00
2.489474999999773175e+01 0.000000000000000000e+00
2.489484999999773152e+01 1.000000000000000000e+00
2.489494999999773128e+01 0.000000000000000000e+00
2.489504999999773105e+01 1.000000000000000000e+00
2.489514999999773082e+01 1.000000000000000000e+00
2.489524999999773058e+01 0.000000000000000000e+00
2.489534999999773035e+01 2.000000000000000000e+00
2.489544999999773012e+01 0.000000000000000000e+00
2.489554999999772988e+01 1.000000000000000000e+00
2.489564999999772965e+01 0.000000000000000000e+00
2.489574999999772942e+01 1.000000000000000000e+00
2.489584999999772918e+01 0.000000000000000000e+00
2.489594999999772895e+01 1.000000000000000000e+00
2.489604999999772872e+01 1.000000000000000000e+00
2.489614999999772849e+01 0.000000000000000000e+00
2.489624999999772825e+01 1.000000000000000000e+00
2.489634999999772802e+01 0.000000000000000000e+00
2.489644999999772779e+01 0.000000000000000000e+00
2.489654999999772755e+01 2.000000000000000000e+00
2.489664999999772732e+01 0.000000000000000000e+00
2.489674999999772709e+01 0.000000000000000000e+00
2.489684999999772685e+01 0.000000000000000000e+00
2.489694999999772662e+01 0.000000000000000000e+00
2.489704999999772639e+01 1.000000000000000000e+00
2.489714999999772616e+01 0.000000000000000000e+00
2.489724999999772592e+01 0.000000000000000000e+00
2.489734999999772569e+01 0.000000000000000000e+00
2.489744999999772546e+01 0.000000000000000000e+00
2.489754999999772522e+01 0.000000000000000000e+00
2.489764999999772499e+01 0.000000000000000000e+00
2.489774999999772476e+01 0.000000000000000000e+00
2.489784999999772452e+01 0.000000000000000000e+00
2.489794999999772429e+01 1.000000000000000000e+00
2.489804999999772406e+01 0.000000000000000000e+00
2.489814999999772382e+01 0.000000000000000000e+00
2.489824999999772359e+01 0.000000000000000000e+00
2.489834999999772336e+01 0.000000000000000000e+00
2.489844999999772313e+01 1.000000000000000000e+00
2.489854999999772289e+01 0.000000000000000000e+00
2.489864999999772266e+01 1.000000000000000000e+00
2.489874999999772243e+01 0.000000000000000000e+00
2.489884999999772219e+01 0.000000000000000000e+00
2.489894999999772196e+01 0.000000000000000000e+00
2.489904999999772173e+01 0.000000000000000000e+00
2.489914999999772149e+01 2.000000000000000000e+00
2.489924999999772126e+01 0.000000000000000000e+00
2.489934999999772103e+01 0.000000000000000000e+00
2.489944999999772079e+01 0.000000000000000000e+00
2.489954999999772056e+01 0.000000000000000000e+00
2.489964999999772033e+01 1.000000000000000000e+00
2.489974999999772010e+01 1.000000000000000000e+00
2.489984999999771986e+01 0.000000000000000000e+00
2.489994999999771963e+01 0.000000000000000000e+00
