2.490004999999771940e+01 2.000000000000000000e+00
2.490014999999771916e+01 1.000000000000000000e+00
2.490024999999771893e+01 0.000000000000000000e+00
2.490034999999771870e+01 0.000000000000000000e+00
2.490044999999771846e+01 1.000000000000000000e+00
2.490054999999771823e+01 0.000000000000000000e+00
2.490064999999771800e+01 1.000000000000000000e+00
2.490074999999771777e+01 1.000000000000000000e+00
2.490084999999771753e+01 0.000000000000000000e+00
2.490094999999771730e+01 0.000000000000000000e+00
2.490104999999771707e+01 0.000000000000000000e+00
2.490114999999771683e+01 0.000000000000000000e+00
2.490124999999771660e+01 0.000000000000000000e+00
2.490134999999771637e+01 0.000000000000000000e+00
2.490144999999771613e+01 0.000000000000000000e+00
2.490154999999771590e+01 1.000000000000000000e+00
2.490164999999771567e+01 0.000000000000000000e+00
2.490174999999771543e+01 0.000000000000000000e+00
2.490184999999771520e+01 1.000000000000000000e+00
2.490194999999771497e+01 0.000000000000000000e+00
2.490204999999771474e+01 1.000000000000000000e+00
2.490214999999771450e+01 0.000000000000000000e+00
2.490224999999771427e+01 0.000000000000000000e+00
2.490234999999771404e+01 2.000000000000000000e+00
2.490244999999771380e+01 1.000000000000000000e+00
2.490254999999771357e+01 1.000000000000000000e+00
2.490264999999771334e+01 0.000000000000000000e+00
2.490274999999771310e+01 0.000000000000000000e+00
2.490284999999771287e+01 0.000000000000000000e+00
2.490294999999771264e+01 0.000000000000000000e+00
2.490304999999771240e+01 1.000000000000000000e+00
2.490314999999771217e+01 1.000000000000000000e+00
2.490324999999771194e+01 0.000000000000000000e+00
2.490334999999771171e+01 0.000000000000000000e+00
2.490344999999771147e+01 0.000000000000000000e+00
2.490354999999771124e+01 0.000000000000000000e+00
2.490364999999771101e+01 0.000000000000000000e+00
2.490374999999771077e+01 2.000000000000000000e+00
2.490384999999771054e+01 0.000000000000000000e+00
2.490394999999771031e+01 0.000000000000000000e+00
2.490404999999771007e+01 0.000000000000000000e+00
2.490414999999770984e+01 0.000000000000000000e+00
2.490424999999770961e+01 1.000000000000000000e+00
2.490434999999770938e+01 0.000000000000000000e+00
2.490444999999770914e+01 1.000000000000000000e+00
2.490454999999770891e+01 0.000000000000000000e+00
2.490464999999770868e+01 0.000000000000000000e+00
2.490474999999770844e+01 0.000000000000000000e+00
2.490484999999770821e+01 0.000000000000000000e+00
2.490494999999770798e+01 0.000000000000000000e+00
2.490504999999770774e+01 0.000000000000000000e+00
2.490514999999770751e+01 0.000000000000000000e+00
2.490524999999770728e+01 2.000000000000000000e+00
2.490534999999770704e+01 0.000000000000000000e+00
2.490544999999770681e+01 0.000000000000000000e+00
2.490554999999770658e+01 0.000000000000000000e+00
2.490564999999770635e+01 0.000000000000000000e+00
2.490574999999770611e+01 0.000000000000000000e+00
2.490584999999770588e+01 0.000000000000000000e+00
2.490594999999770565e+01 0.000000000000000000e+00
2.490604999999770541e+01 0.000000000000000000e+00
2.490614999999770518e+01 0.000000000000000000e+00
2.490624999999770495e+01 0.000000000000000000e+00
2.490634999999770471e+01 0.000000000000000000e+00
2.490644999999770448e+01 0.000000000000000000e+00
2.490654999999770425e+01 0.000000000000000000e+00
2.490664999999770401e+01 0.000000000000000000e+00
2.490674999999770378e+01 0.000000000000000000e+00
2.490684999999770355e+01 0.000000000000000000e+00
2.490694999999770332e+01 0.000000000000000000e+00
2.490704999999770308e+01 0.000000000000000000e+00
2.490714999999770285e+01 0.000000000000000000e+00
2.490724999999770262e+01 0.000000000000000000e+00
2.490734999999770238e+01 0.000000000000000000e+00
2.490744999999770215e+01 0.000000000000000000e+00
2.490754999999770192e+01 0.000000000000000000e+00
2.490764999999770168e+01 0.000000000000000000e+00
2.490774999999770145e+01 0.000000000000000000e+00
2.490784999999770122e+01 1.000000000000000000e+00
2.490794999999770098e+01 0.000000000000000000e+00
2.490804999999770075e+01 0.000000000000000000e+00
2.490814999999770052e+01 0.000000000000000000e+00
2.490824999999770029e+01 0.000000000000000000e+00
2.490834999999770005e+01 1.000000000000000000e+00
2.490844999999769982e+01 0.000000000000000000e+00
2.490854999999769959e+01 1.000000000000000000e+00
2.490864999999769935e+01 2.000000000000000000e+00
2.490874999999769912e+01 0.000000000000000000e+00
2.490884999999769889e+01 0.000000000000000000e+00
2.490894999999769865e+01 1.000000000000000000e+00
2.490904999999769842e+01 0.000000000000000000e+00
2.490914999999769819e+01 0.000000000000000000e+00
2.490924999999769796e+01 0.000000000000000000e+00
2.490934999999769772e+01 1.000000000000000000e+00
2.490944999999769749e+01 0.000000000000000000e+00
2.490954999999769726e+01 0.000000000000000000e+00
2.490964999999769702e+01 0.000000000000000000e+00
2.490974999999769679e+01 1.000000000000000000e+00
2.490984999999769656e+01 1.000000000000000000e+00
2.490994999999769632e+01 0.000000000000000000e+00
2.491004999999769609e+01 0.000000000000000000e+00
2.491014999999769586e+01 1.000000000000000000e+00
2.491024999999769562e+01 0.000000000000000000e+00
2.491034999999769539e+01 0.000000000000000000e+00
2.491044999999769516e+01 0.000000000000000000e+00
2.491054999999769493e+01 0.000000000000000000e+00
2.491064999999769469e+01 1.000000000000000000e+00
2.491074999999769446e+01 0.000000000000000000e+00
2.491084999999769423e+01 1.000000000000000000e+00
2.491094999999769399e+01 1.000000000000000000e+00
2.491104999999769376e+01 1.000000000000000000e+00
2.491114999999769353e+01 0.000000000000000000e+00
2.491124999999769329e+01 0.000000000000000000e+00
2.491134999999769306e+01 0.000000000000000000e+00
2.491144999999769283e+01 0.000000000000000000e+00
2.491154999999769259e+01 1.000000000000000000e+00
2.491164999999769236e+01 0.000000000000000000e+00
2.491174999999769213e+01 1.000000000000000000e+00
2.491184999999769190e+01 0.000000000000000000e+00
2.491194999999769166e+01 3.000000000000000000e+00
2.491204999999769143e+01 0.000000000000000000e+00
2.491214999999769120e+01 1.000000000000000000e+00
2.491224999999769096e+01 2.000000000000000000e+00
2.491234999999769073e+01 0.000000000000000000e+00
2.491244999999769050e+01 0.000000000000000000e+00
2.491254999999769026e+01 0.000000000000000000e+00
2.491264999999769003e+01 0.000000000000000000e+00
2.491274999999768980e+01 1.000000000000000000e+00
2.491284999999768957e+01 0.000000000000000000e+00
2.491294999999768933e+01 0.000000000000000000e+00
2.491304999999768910e+01 2.000000000000000000e+00
2.491314999999768887e+01 0.000000000000000000e+00
2.491324999999768863e+01 1.000000000000000000e+00
2.491334999999768840e+01 1.000000000000000000e+00
2.491344999999768817e+01 1.000000000000000000e+00
2.491354999999768793e+01 0.000000000000000000e+00
2.491364999999768770e+01 0.000000000000000000e+00
2.491374999999768747e+01 1.000000000000000000e+00
2.491384999999768723e+01 0.000000000000000000e+00
2.491394999999768700e+01 0.000000000000000000e+00
2.491404999999768677e+01 0.000000000000000000e+00
2.491414999999768654e+01 0.000000000000000000e+00
2.491424999999768630e+01 1.000000000000000000e+00
2.491434999999768607e+01 0.000000000000000000e+00
2.491444999999768584e+01 0.000000000000000000e+00
2.491454999999768560e+01 1.000000000000000000e+00
2.491464999999768537e+01 0.000000000000000000e+00
2.491474999999768514e+01 1.000000000000000000e+00
2.491484999999768490e+01 0.000000000000000000e+00
2.491494999999768467e+01 0.000000000000000000e+00
2.491504999999768444e+01 1.000000000000000000e+00
2.491514999999768420e+01 0.000000000000000000e+00
2.491524999999768397e+01 0.000000000000000000e+00
2.491534999999768374e+01 0.000000000000000000e+00
2.491544999999768351e+01 0.000000000000000000e+00
2.491554999999768327e+01 0.000000000000000000e+00
2.491564999999768304e+01 0.000000000000000000e+00
2.491574999999768281e+01 0.000000000000000000e+00
2.491584999999768257e+01 1.000000000000000000e+00
2.491594999999768234e+01 1.000000000000000000e+00
2.491604999999768211e+01 0.000000000000000000e+00
2.491614999999768187e+01 0.000000000000000000e+00
2.491624999999768164e+01 0.000000000000000000e+00
2.491634999999768141e+01 1.000000000000000000e+00
2.491644999999768118e+01 0.000000000000000000e+00
2.491654999999768094e+01 0.000000000000000000e+00
2.491664999999768071e+01 0.000000000000000000e+00
2.491674999999768048e+01 0.000000000000000000e+00
2.491684999999768024e+01 0.000000000000000000e+00
2.491694999999768001e+01 0.000000000000000000e+00
2.491704999999767978e+01 0.000000000000000000e+00
2.491714999999767954e+01 1.000000000000000000e+00
2.491724999999767931e+01 0.000000000000000000e+00
2.491734999999767908e+01 0.000000000000000000e+00
2.491744999999767884e+01 1.000000000000000000e+00
2.491754999999767861e+01 1.000000000000000000e+00
2.491764999999767838e+01 0.000000000000000000e+00
2.491774999999767815e+01 0.000000000000000000e+00
2.491784999999767791e+01 0.000000000000000000e+00
2.491794999999767768e+01 0.000000000000000000e+00
2.491804999999767745e+01 0.000000000000000000e+00
2.491814999999767721e+01 0.000000000000000000e+00
2.491824999999767698e+01 0.000000000000000000e+00
2.491834999999767675e+01 0.000000000000000000e+00
2.491844999999767651e+01 0.000000000000000000e+00
2.491854999999767628e+01 0.000000000000000000e+00
2.491864999999767605e+01 0.000000000000000000e+00
2.491874999999767581e+01 0.000000000000000000e+00
2.491884999999767558e+01 0.000000000000000000e+00
2.491894999999767535e+01 0.000000000000000000e+00
2.491904999999767512e+01 1.000000000000000000e+00
2.491914999999767488e+01 1.000000000000000000e+00
2.491924999999767465e+01 1.000000000000000000e+00
2.491934999999767442e+01 0.000000000000000000e+00
2.491944999999767418e+01 0.000000000000000000e+00
2.491954999999767395e+01 0.000000000000000000e+00
2.491964999999767372e+01 0.000000000000000000e+00
2.491974999999767348e+01 0.000000000000000000e+00
2.491984999999767325e+01 0.000000000000000000e+00
2.491994999999767302e+01 0.000000000000000000e+00
2.492004999999767278e+01 1.000000000000000000e+00
2.492014999999767255e+01 0.000000000000000000e+00
2.492024999999767232e+01 0.000000000000000000e+00
2.492034999999767209e+01 0.000000000000000000e+00
2.492044999999767185e+01 1.000000000000000000e+00
2.492054999999767162e+01 0.000000000000000000e+00
2.492064999999767139e+01 0.000000000000000000e+00
2.492074999999767115e+01 1.000000000000000000e+00
2.492084999999767092e+01 1.000000000000000000e+00
2.492094999999767069e+01 0.000000000000000000e+00
2.492104999999767045e+01 0.000000000000000000e+00
2.492114999999767022e+01 0.000000000000000000e+00
2.492124999999766999e+01 0.000000000000000000e+00
2.492134999999766976e+01 1.000000000000000000e+00
2.492144999999766952e+01 0.000000000000000000e+00
2.492154999999766929e+01 0.000000000000000000e+00
2.492164999999766906e+01 0.000000000000000000e+00
2.492174999999766882e+01 0.000000000000000000e+00
2.492184999999766859e+01 0.000000000000000000e+00
2.492194999999766836e+01 0.000000000000000000e+00
2.492204999999766812e+01 0.000000000000000000e+00
2.492214999999766789e+01 1.000000000000000000e+00
2.492224999999766766e+01 0.000000000000000000e+00
2.492234999999766742e+01 0.000000000000000000e+00
2.492244999999766719e+01 1.000000000000000000e+00
2.492254999999766696e+01 0.000000000000000000e+00
2.492264999999766673e+01 0.000000000000000000e+00
2.492274999999766649e+01 0.000000000000000000e+00
2.492284999999766626e+01 0.000000000000000000e+00
2.492294999999766603e+01 1.000000000000000000e+00
2.492304999999766579e+01 0.000000000000000000e+00
2.492314999999766556e+01 0.000000000000000000e+00
2.492324999999766533e+01 0.000000000000000000e+00
2.492334999999766509e+01 0.000000000000000000e+00
2.492344999999766486e+01 1.000000000000000000e+00
2.492354999999766463e+01 1.000000000000000000e+00
2.492364999999766439e+01 0.000000000000000000e+00
2.492374999999766416e+01 0.000000000000000000e+00
2.492384999999766393e+01 1.000000000000000000e+00
2.492394999999766370e+01 0.000000000000000000e+00
2.492404999999766346e+01 0.000000000000000000e+00
2.492414999999766323e+01 0.000000000000000000e+00
2.492424999999766300e+01 0.000000000000000000e+00
2.492434999999766276e+01 0.000000000000000000e+00
2.492444999999766253e+01 0.000000000000000000e+00
2.492454999999766230e+01 2.000000000000000000e+00
2.492464999999766206e+01 0.000000000000000000e+00
2.492474999999766183e+01 0.000000000000000000e+00
2.492484999999766160e+01 1.000000000000000000e+00
2.492494999999766137e+01 0.000000000000000000e+00
2.492504999999766113e+01 0.000000000000000000e+00
2.492514999999766090e+01 0.000000000000000000e+00
2.492524999999766067e+01 2.000000000000000000e+00
2.492534999999766043e+01 1.000000000000000000e+00
2.492544999999766020e+01 0.000000000000000000e+00
2.492554999999765997e+01 1.000000000000000000e+00
2.492564999999765973e+01 1.000000000000000000e+00
2.492574999999765950e+01 0.000000000000000000e+00
2.492584999999765927e+01 1.000000000000000000e+00
2.492594999999765903e+01 0.000000000000000000e+00
2.492604999999765880e+01 0.000000000000000000e+00
2.492614999999765857e+01 0.000000000000000000e+00
2.492624999999765834e+01 1.000000000000000000e+00
2.492634999999765810e+01 0.000000000000000000e+00
2.492644999999765787e+01 0.000000000000000000e+00
2.492654999999765764e+01 0.000000000000000000e+00
2.492664999999765740e+01 1.000000000000000000e+00
2.492674999999765717e+01 0.000000000000000000e+00
2.492684999999765694e+01 0.000000000000000000e+00
2.492694999999765670e+01 1.000000000000000000e+00
2.492704999999765647e+01 0.000000000000000000e+00
2.492714999999765624e+01 0.000000000000000000e+00
2.492724999999765600e+01 0.000000000000000000e+00
2.492734999999765577e+01 0.000000000000000000e+00
2.492744999999765554e+01 1.000000000000000000e+00
2.492754999999765531e+01 0.000000000000000000e+00
2.492764999999765507e+01 0.000000000000000000e+00
2.492774999999765484e+01 2.000000000000000000e+00
2.492784999999765461e+01 1.000000000000000000e+00
2.492794999999765437e+01 0.000000000000000000e+00
2.492804999999765414e+01 0.000000000000000000e+00
2.492814999999765391e+01 0.000000000000000000e+00
2.492824999999765367e+01 0.000000000000000000e+00
2.492834999999765344e+01 1.000000000000000000e+00
2.492844999999765321e+01 1.000000000000000000e+00
2.492854999999765298e+01 0.000000000000000000e+00
2.492864999999765274e+01 1.000000000000000000e+00
2.492874999999765251e+01 1.000000000000000000e+00
2.492884999999765228e+01 1.000000000000000000e+00
2.492894999999765204e+01 0.000000000000000000e+00
2.492904999999765181e+01 1.000000000000000000e+00
2.492914999999765158e+01 1.000000000000000000e+00
2.492924999999765134e+01 0.000000000000000000e+00
2.492934999999765111e+01 0.000000000000000000e+00
2.492944999999765088e+01 0.000000000000000000e+00
2.492954999999765064e+01 0.000000000000000000e+00
2.492964999999765041e+01 0.000000000000000000e+00
2.492974999999765018e+01 0.000000000000000000e+00
2.492984999999764995e+01 0.000000000000000000e+00
2.492994999999764971e+01 3.000000000000000000e+00
2.493004999999764948e+01 1.000000000000000000e+00
2.493014999999764925e+01 0.000000000000000000e+00
2.493024999999764901e+01 0.000000000000000000e+00
2.493034999999764878e+01 1.000000000000000000e+00
2.493044999999764855e+01 0.000000000000000000e+00
2.493054999999764831e+01 0.000000000000000000e+00
2.493064999999764808e+01 0.000000000000000000e+00
2.493074999999764785e+01 0.000000000000000000e+00
2.493084999999764761e+01 0.000000000000000000e+00
2.493094999999764738e+01 1.000000000000000000e+00
2.493104999999764715e+01 0.000000000000000000e+00
2.493114999999764692e+01 1.000000000000000000e+00
2.493124999999764668e+01 0.000000000000000000e+00
2.493134999999764645e+01 1.000000000000000000e+00
2.493144999999764622e+01 0.000000000000000000e+00
2.493154999999764598e+01 0.000000000000000000e+00
2.493164999999764575e+01 0.000000000000000000e+00
2.493174999999764552e+01 0.000000000000000000e+00
2.493184999999764528e+01 1.000000000000000000e+00
2.493194999999764505e+01 1.000000000000000000e+00
2.493204999999764482e+01 0.000000000000000000e+00
2.493214999999764458e+01 0.000000000000000000e+00
2.493224999999764435e+01 0.000000000000000000e+00
2.493234999999764412e+01 0.000000000000000000e+00
2.493244999999764389e+01 0.000000000000000000e+00
2.493254999999764365e+01 0.000000000000000000e+00
2.493264999999764342e+01 0.000000000000000000e+00
2.493274999999764319e+01 0.000000000000000000e+00
2.493284999999764295e+01 1.000000000000000000e+00
2.493294999999764272e+01 1.000000000000000000e+00
2.493304999999764249e+01 0.000000000000000000e+00
2.493314999999764225e+01 1.000000000000000000e+00
2.493324999999764202e+01 2.000000000000000000e+00
2.493334999999764179e+01 0.000000000000000000e+00
2.493344999999764156e+01 0.000000000000000000e+00
2.493354999999764132e+01 0.000000000000000000e+00
2.493364999999764109e+01 0.000000000000000000e+00
2.493374999999764086e+01 0.000000000000000000e+00
2.493384999999764062e+01 0.000000000000000000e+00
2.493394999999764039e+01 1.000000000000000000e+00
2.493404999999764016e+01 2.000000000000000000e+00
2.493414999999763992e+01 0.000000000000000000e+00
2.493424999999763969e+01 0.000000000000000000e+00
2.493434999999763946e+01 0.000000000000000000e+00
2.493444999999763922e+01 0.000000000000000000e+00
2.493454999999763899e+01 0.000000000000000000e+00
2.493464999999763876e+01 0.000000000000000000e+00
2.493474999999763853e+01 0.000000000000000000e+00
2.493484999999763829e+01 0.000000000000000000e+00
2.493494999999763806e+01 0.000000000000000000e+00
2.493504999999763783e+01 2.000000000000000000e+00
2.493514999999763759e+01 1.000000000000000000e+00
2.493524999999763736e+01 3.000000000000000000e+00
2.493534999999763713e+01 0.000000000000000000e+00
2.493544999999763689e+01 0.000000000000000000e+00
2.493554999999763666e+01 0.000000000000000000e+00
2.493564999999763643e+01 2.000000000000000000e+00
2.493574999999763619e+01 2.000000000000000000e+00
2.493584999999763596e+01 0.000000000000000000e+00
2.493594999999763573e+01 0.000000000000000000e+00
2.493604999999763550e+01 0.000000000000000000e+00
2.493614999999763526e+01 1.000000000000000000e+00
2.493624999999763503e+01 0.000000000000000000e+00
2.493634999999763480e+01 0.000000000000000000e+00
2.493644999999763456e+01 0.000000000000000000e+00
2.493654999999763433e+01 1.000000000000000000e+00
2.493664999999763410e+01 0.000000000000000000e+00
2.493674999999763386e+01 1.000000000000000000e+00
2.493684999999763363e+01 0.000000000000000000e+00
2.493694999999763340e+01 0.000000000000000000e+00
2.493704999999763317e+01 0.000000000000000000e+00
2.493714999999763293e+01 0.000000000000000000e+00
2.493724999999763270e+01 1.000000000000000000e+00
2.493734999999763247e+01 0.000000000000000000e+00
2.493744999999763223e+01 1.000000000000000000e+00
2.493754999999763200e+01 0.000000000000000000e+00
2.493764999999763177e+01 0.000000000000000000e+00
2.493774999999763153e+01 0.000000000000000000e+00
2.493784999999763130e+01 0.000000000000000000e+00
2.493794999999763107e+01 1.000000000000000000e+00
2.493804999999763083e+01 0.000000000000000000e+00
2.493814999999763060e+01 0.000000000000000000e+00
2.493824999999763037e+01 0.000000000000000000e+00
2.493834999999763014e+01 0.000000000000000000e+00
2.493844999999762990e+01 0.000000000000000000e+00
2.493854999999762967e+01 0.000000000000000000e+00
2.493864999999762944e+01 0.000000000000000000e+00
2.493874999999762920e+01 1.000000000000000000e+00
2.493884999999762897e+01 0.000000000000000000e+00
2.493894999999762874e+01 0.000000000000000000e+00
2.493904999999762850e+01 0.000000000000000000e+00
2.493914999999762827e+01 1.000000000000000000e+00
2.493924999999762804e+01 0.000000000000000000e+00
2.493934999999762780e+01 0.000000000000000000e+00
2.493944999999762757e+01 0.000000000000000000e+00
2.493954999999762734e+01 0.000000000000000000e+00
2.493964999999762711e+01 0.000000000000000000e+00
2.493974999999762687e+01 0.000000000000000000e+00
2.493984999999762664e+01 1.000000000000000000e+00
2.493994999999762641e+01 1.000000000000000000e+00
2.494004999999762617e+01 0.000000000000000000e+00
2.494014999999762594e+01 0.000000000000000000e+00
2.494024999999762571e+01 1.000000000000000000e+00
2.494034999999762547e+01 1.000000000000000000e+00
2.494044999999762524e+01 0.000000000000000000e+00
2.494054999999762501e+01 0.000000000000000000e+00
2.494064999999762478e+01 0.000000000000000000e+00
2.494074999999762454e+01 1.000000000000000000e+00
2.494084999999762431e+01 0.000000000000000000e+00
2.494094999999762408e+01 0.000000000000000000e+00
2.494104999999762384e+01 1.000000000000000000e+00
2.494114999999762361e+01 1.000000000000000000e+00
2.494124999999762338e+01 2.000000000000000000e+00
2.494134999999762314e+01 0.000000000000000000e+00
2.494144999999762291e+01 0.000000000000000000e+00
2.494154999999762268e+01 0.000000000000000000e+00
2.494164999999762244e+01 1.000000000000000000e+00
2.494174999999762221e+01 0.000000000000000000e+00
2.494184999999762198e+01 1.000000000000000000e+00
2.494194999999762175e+01 0.000000000000000000e+00
2.494204999999762151e+01 0.000000000000000000e+00
2.494214999999762128e+01 1.000000000000000000e+00
2.494224999999762105e+01 0.000000000000000000e+00
2.494234999999762081e+01 2.000000000000000000e+00
2.494244999999762058e+01 0.000000000000000000e+00
2.494254999999762035e+01 0.000000000000000000e+00
2.494264999999762011e+01 1.000000000000000000e+00
2.494274999999761988e+01 0.000000000000000000e+00
2.494284999999761965e+01 0.000000000000000000e+00
2.494294999999761941e+01 0.000000000000000000e+00
2.494304999999761918e+01 0.000000000000000000e+00
2.494314999999761895e+01 0.000000000000000000e+00
2.494324999999761872e+01 0.000000000000000000e+00
2.494334999999761848e+01 1.000000000000000000e+00
2.494344999999761825e+01 0.000000000000000000e+00
2.494354999999761802e+01 0.000000000000000000e+00
2.494364999999761778e+01 1.000000000000000000e+00
2.494374999999761755e+01 2.000000000000000000e+00
2.494384999999761732e+01 2.000000000000000000e+00
2.494394999999761708e+01 0.000000000000000000e+00
2.494404999999761685e+01 0.000000000000000000e+00
2.494414999999761662e+01 0.000000000000000000e+00
2.494424999999761638e+01 0.000000000000000000e+00
2.494434999999761615e+01 1.000000000000000000e+00
2.494444999999761592e+01 0.000000000000000000e+00
2.494454999999761569e+01 0.000000000000000000e+00
2.494464999999761545e+01 0.000000000000000000e+00
2.494474999999761522e+01 0.000000000000000000e+00
2.494484999999761499e+01 1.000000000000000000e+00
2.494494999999761475e+01 1.000000000000000000e+00
2.494504999999761452e+01 0.000000000000000000e+00
2.494514999999761429e+01 1.000000000000000000e+00
2.494524999999761405e+01 0.000000000000000000e+00
2.494534999999761382e+01 0.000000000000000000e+00
2.494544999999761359e+01 0.000000000000000000e+00
2.494554999999761336e+01 0.000000000000000000e+00
2.494564999999761312e+01 0.000000000000000000e+00
2.494574999999761289e+01 2.000000000000000000e+00
2.494584999999761266e+01 1.000000000000000000e+00
2.494594999999761242e+01 1.000000000000000000e+00
2.494604999999761219e+01 1.000000000000000000e+00
2.494614999999761196e+01 0.000000000000000000e+00
2.494624999999761172e+01 2.000000000000000000e+00
2.494634999999761149e+01 0.000000000000000000e+00
2.494644999999761126e+01 0.000000000000000000e+00
2.494654999999761102e+01 0.000000000000000000e+00
2.494664999999761079e+01 0.000000000000000000e+00
2.494674999999761056e+01 0.000000000000000000e+00
2.494684999999761033e+01 0.000000000000000000e+00
2.494694999999761009e+01 0.000000000000000000e+00
2.494704999999760986e+01 0.000000000000000000e+00
2.494714999999760963e+01 1.000000000000000000e+00
2.494724999999760939e+01 1.000000000000000000e+00
2.494734999999760916e+01 0.000000000000000000e+00
2.494744999999760893e+01 1.000000000000000000e+00
2.494754999999760869e+01 0.000000000000000000e+00
2.494764999999760846e+01 0.000000000000000000e+00
2.494774999999760823e+01 0.000000000000000000e+00
2.494784999999760799e+01 0.000000000000000000e+00
2.494794999999760776e+01 1.000000000000000000e+00
2.494804999999760753e+01 3.000000000000000000e+00
2.494814999999760730e+01 1.000000000000000000e+00
2.494824999999760706e+01 0.000000000000000000e+00
2.494834999999760683e+01 0.000000000000000000e+00
2.494844999999760660e+01 0.000000000000000000e+00
2.494854999999760636e+01 0.000000000000000000e+00
2.494864999999760613e+01 0.000000000000000000e+00
2.494874999999760590e+01 0.000000000000000000e+00
2.494884999999760566e+01 0.000000000000000000e+00
2.494894999999760543e+01 0.000000000000000000e+00
2.494904999999760520e+01 2.000000000000000000e+00
2.494914999999760497e+01 0.000000000000000000e+00
2.494924999999760473e+01 2.000000000000000000e+00
2.494934999999760450e+01 1.000000000000000000e+00
2.494944999999760427e+01 1.000000000000000000e+00
2.494954999999760403e+01 0.000000000000000000e+00
2.494964999999760380e+01 0.000000000000000000e+00
2.494974999999760357e+01 0.000000000000000000e+00
2.494984999999760333e+01 0.000000000000000000e+00
2.494994999999760310e+01 0.000000000000000000e+00
2.495004999999760287e+01 0.000000000000000000e+00
2.495014999999760263e+01 1.000000000000000000e+00
2.495024999999760240e+01 0.000000000000000000e+00
2.495034999999760217e+01 0.000000000000000000e+00
2.495044999999760194e+01 0.000000000000000000e+00
2.495054999999760170e+01 3.000000000000000000e+00
2.495064999999760147e+01 0.000000000000000000e+00
2.495074999999760124e+01 0.000000000000000000e+00
2.495084999999760100e+01 0.000000000000000000e+00
2.495094999999760077e+01 1.000000000000000000e+00
2.495104999999760054e+01 0.000000000000000000e+00
2.495114999999760030e+01 0.000000000000000000e+00
2.495124999999760007e+01 2.000000000000000000e+00
2.495134999999759984e+01 1.000000000000000000e+00
2.495144999999759960e+01 0.000000000000000000e+00
2.495154999999759937e+01 0.000000000000000000e+00
2.495164999999759914e+01 0.000000000000000000e+00
2.495174999999759891e+01 0.000000000000000000e+00
2.495184999999759867e+01 1.000000000000000000e+00
2.495194999999759844e+01 1.000000000000000000e+00
2.495204999999759821e+01 1.000000000000000000e+00
2.495214999999759797e+01 2.000000000000000000e+00
2.495224999999759774e+01 0.000000000000000000e+00
2.495234999999759751e+01 0.000000000000000000e+00
2.495244999999759727e+01 1.000000000000000000e+00
2.495254999999759704e+01 0.000000000000000000e+00
2.495264999999759681e+01 3.000000000000000000e+00
2.495274999999759657e+01 1.000000000000000000e+00
2.495284999999759634e+01 0.000000000000000000e+00
2.495294999999759611e+01 0.000000000000000000e+00
2.495304999999759588e+01 1.000000000000000000e+00
2.495314999999759564e+01 0.000000000000000000e+00
2.495324999999759541e+01 1.000000000000000000e+00
2.495334999999759518e+01 0.000000000000000000e+00
2.495344999999759494e+01 1.000000000000000000e+00
2.495354999999759471e+01 0.000000000000000000e+00
2.495364999999759448e+01 0.000000000000000000e+00
2.495374999999759424e+01 3.000000000000000000e+00
2.495384999999759401e+01 0.000000000000000000e+00
2.495394999999759378e+01 0.000000000000000000e+00
2.495404999999759355e+01 0.000000000000000000e+00
2.495414999999759331e+01 0.000000000000000000e+00
2.495424999999759308e+01 0.000000000000000000e+00
2.495434999999759285e+01 0.000000000000000000e+00
2.495444999999759261e+01 1.000000000000000000e+00
2.495454999999759238e+01 1.000000000000000000e+00
2.495464999999759215e+01 0.000000000000000000e+00
2.495474999999759191e+01 0.000000000000000000e+00
2.495484999999759168e+01 0.000000000000000000e+00
2.495494999999759145e+01 0.000000000000000000e+00
2.495504999999759121e+01 0.000000000000000000e+00
2.495514999999759098e+01 2.000000000000000000e+00
2.495524999999759075e+01 0.000000000000000000e+00
2.495534999999759052e+01 0.000000000000000000e+00
2.495544999999759028e+01 0.000000000000000000e+00
2.495554999999759005e+01 0.000000000000000000e+00
2.495564999999758982e+01 1.000000000000000000e+00
2.495574999999758958e+01 0.000000000000000000e+00
2.495584999999758935e+01 0.000000000000000000e+00
2.495594999999758912e+01 0.000000000000000000e+00
2.495604999999758888e+01 0.000000000000000000e+00
2.495614999999758865e+01 1.000000000000000000e+00
2.495624999999758842e+01 1.000000000000000000e+00
2.495634999999758818e+01 0.000000000000000000e+00
2.495644999999758795e+01 0.000000000000000000e+00
2.495654999999758772e+01 0.000000000000000000e+00
2.495664999999758749e+01 0.000000000000000000e+00
2.495674999999758725e+01 0.000000000000000000e+00
2.495684999999758702e+01 0.000000000000000000e+00
2.495694999999758679e+01 0.000000000000000000e+00
2.495704999999758655e+01 0.000000000000000000e+00
2.495714999999758632e+01 0.000000000000000000e+00
2.495724999999758609e+01 0.000000000000000000e+00
2.495734999999758585e+01 0.000000000000000000e+00
2.495744999999758562e+01 0.000000000000000000e+00
2.495754999999758539e+01 1.000000000000000000e+00
2.495764999999758516e+01 0.000000000000000000e+00
2.495774999999758492e+01 2.000000000000000000e+00
2.495784999999758469e+01 0.000000000000000000e+00
2.495794999999758446e+01 1.000000000000000000e+00
2.495804999999758422e+01 0.000000000000000000e+00
2.495814999999758399e+01 0.000000000000000000e+00
2.495824999999758376e+01 0.000000000000000000e+00
2.495834999999758352e+01 0.000000000000000000e+00
2.495844999999758329e+01 0.000000000000000000e+00
2.495854999999758306e+01 0.000000000000000000e+00
2.495864999999758282e+01 0.000000000000000000e+00
2.495874999999758259e+01 0.000000000000000000e+00
2.495884999999758236e+01 0.000000000000000000e+00
2.495894999999758213e+01 0.000000000000000000e+00
2.495904999999758189e+01 2.000000000000000000e+00
2.495914999999758166e+01 0.000000000000000000e+00
2.495924999999758143e+01 1.000000000000000000e+00
2.495934999999758119e+01 0.000000000000000000e+00
2.495944999999758096e+01 0.000000000000000000e+00
2.495954999999758073e+01 0.000000000000000000e+00
2.495964999999758049e+01 0.000000000000000000e+00
2.495974999999758026e+01 1.000000000000000000e+00
2.495984999999758003e+01 0.000000000000000000e+00
2.495994999999757979e+01 0.000000000000000000e+00
2.496004999999757956e+01 0.000000000000000000e+00
2.496014999999757933e+01 0.000000000000000000e+00
2.496024999999757910e+01 0.000000000000000000e+00
2.496034999999757886e+01 0.000000000000000000e+00
2.496044999999757863e+01 0.000000000000000000e+00
2.496054999999757840e+01 2.000000000000000000e+00
2.496064999999757816e+01 1.000000000000000000e+00
2.496074999999757793e+01 1.000000000000000000e+00
2.496084999999757770e+01 0.000000000000000000e+00
2.496094999999757746e+01 0.000000000000000000e+00
2.496104999999757723e+01 1.000000000000000000e+00
2.496114999999757700e+01 0.000000000000000000e+00
2.496124999999757677e+01 0.000000000000000000e+00
2.496134999999757653e+01 0.000000000000000000e+00
2.496144999999757630e+01 1.000000000000000000e+00
2.496154999999757607e+01 0.000000000000000000e+00
2.496164999999757583e+01 1.000000000000000000e+00
2.496174999999757560e+01 0.000000000000000000e+00
2.496184999999757537e+01 1.000000000000000000e+00
2.496194999999757513e+01 0.000000000000000000e+00
2.496204999999757490e+01 0.000000000000000000e+00
2.496214999999757467e+01 1.000000000000000000e+00
2.496224999999757443e+01 0.000000000000000000e+00
2.496234999999757420e+01 1.000000000000000000e+00
2.496244999999757397e+01 0.000000000000000000e+00
2.496254999999757374e+01 0.000000000000000000e+00
2.496264999999757350e+01 0.000000000000000000e+00
2.496274999999757327e+01 1.000000000000000000e+00
2.496284999999757304e+01 0.000000000000000000e+00
2.496294999999757280e+01 0.000000000000000000e+00
2.496304999999757257e+01 0.000000000000000000e+00
2.496314999999757234e+01 0.000000000000000000e+00
2.496324999999757210e+01 0.000000000000000000e+00
2.496334999999757187e+01 1.000000000000000000e+00
2.496344999999757164e+01 1.000000000000000000e+00
2.496354999999757140e+01 1.000000000000000000e+00
2.496364999999757117e+01 0.000000000000000000e+00
2.496374999999757094e+01 0.000000000000000000e+00
2.496384999999757071e+01 0.000000000000000000e+00
2.496394999999757047e+01 0.000000000000000000e+00
2.496404999999757024e+01 0.000000000000000000e+00
2.496414999999757001e+01 0.000000000000000000e+00
2.496424999999756977e+01 0.000000000000000000e+00
2.496434999999756954e+01 0.000000000000000000e+00
2.496444999999756931e+01 2.000000000000000000e+00
2.496454999999756907e+01 0.000000000000000000e+00
2.496464999999756884e+01 0.000000000000000000e+00
2.496474999999756861e+01 0.000000000000000000e+00
2.496484999999756837e+01 0.000000000000000000e+00
2.496494999999756814e+01 0.000000000000000000e+00
2.496504999999756791e+01 0.000000000000000000e+00
2.496514999999756768e+01 1.000000000000000000e+00
2.496524999999756744e+01 0.000000000000000000e+00
2.496534999999756721e+01 1.000000000000000000e+00
2.496544999999756698e+01 0.000000000000000000e+00
2.496554999999756674e+01 1.000000000000000000e+00
2.496564999999756651e+01 1.000000000000000000e+00
2.496574999999756628e+01 0.000000000000000000e+00
2.496584999999756604e+01 1.000000000000000000e+00
2.496594999999756581e+01 0.000000000000000000e+00
2.496604999999756558e+01 0.000000000000000000e+00
2.496614999999756535e+01 0.000000000000000000e+00
2.496624999999756511e+01 0.000000000000000000e+00
2.496634999999756488e+01 0.000000000000000000e+00
2.496644999999756465e+01 0.000000000000000000e+00
2.496654999999756441e+01 0.000000000000000000e+00
2.496664999999756418e+01 0.000000000000000000e+00
2.496674999999756395e+01 1.000000000000000000e+00
2.496684999999756371e+01 1.000000000000000000e+00
2.496694999999756348e+01 1.000000000000000000e+00
2.496704999999756325e+01 1.000000000000000000e+00
2.496714999999756301e+01 0.000000000000000000e+00
2.496724999999756278e+01 0.000000000000000000e+00
2.496734999999756255e+01 0.000000000000000000e+00
2.496744999999756232e+01 1.000000000000000000e+00
2.496754999999756208e+01 0.000000000000000000e+00
2.496764999999756185e+01 0.000000000000000000e+00
2.496774999999756162e+01 1.000000000000000000e+00
2.496784999999756138e+01 0.000000000000000000e+00
2.496794999999756115e+01 0.000000000000000000e+00
2.496804999999756092e+01 1.000000000000000000e+00
2.496814999999756068e+01 0.000000000000000000e+00
2.496824999999756045e+01 0.000000000000000000e+00
2.496834999999756022e+01 0.000000000000000000e+00
2.496844999999755998e+01 0.000000000000000000e+00
2.496854999999755975e+01 2.000000000000000000e+00
2.496864999999755952e+01 0.000000000000000000e+00
2.496874999999755929e+01 0.000000000000000000e+00
2.496884999999755905e+01 1.000000000000000000e+00
2.496894999999755882e+01 0.000000000000000000e+00
2.496904999999755859e+01 0.000000000000000000e+00
2.496914999999755835e+01 0.000000000000000000e+00
2.496924999999755812e+01 0.000000000000000000e+00
2.496934999999755789e+01 1.000000000000000000e+00
2.496944999999755765e+01 1.000000000000000000e+00
2.496954999999755742e+01 0.000000000000000000e+00
2.496964999999755719e+01 0.000000000000000000e+00
2.496974999999755696e+01 0.000000000000000000e+00
2.496984999999755672e+01 0.000000000000000000e+00
2.496994999999755649e+01 0.000000000000000000e+00
2.497004999999755626e+01 2.000000000000000000e+00
2.497014999999755602e+01 0.000000000000000000e+00
2.497024999999755579e+01 0.000000000000000000e+00
2.497034999999755556e+01 1.000000000000000000e+00
2.497044999999755532e+01 1.000000000000000000e+00
2.497054999999755509e+01 0.000000000000000000e+00
2.497064999999755486e+01 1.000000000000000000e+00
2.497074999999755462e+01 0.000000000000000000e+00
2.497084999999755439e+01 0.000000000000000000e+00
2.497094999999755416e+01 0.000000000000000000e+00
2.497104999999755393e+01 0.000000000000000000e+00
2.497114999999755369e+01 1.000000000000000000e+00
2.497124999999755346e+01 2.000000000000000000e+00
2.497134999999755323e+01 0.000000000000000000e+00
2.497144999999755299e+01 0.000000000000000000e+00
2.497154999999755276e+01 0.000000000000000000e+00
2.497164999999755253e+01 0.000000000000000000e+00
2.497174999999755229e+01 0.000000000000000000e+00
2.497184999999755206e+01 1.000000000000000000e+00
2.497194999999755183e+01 0.000000000000000000e+00
2.497204999999755159e+01 0.000000000000000000e+00
2.497214999999755136e+01 0.000000000000000000e+00
2.497224999999755113e+01 1.000000000000000000e+00
2.497234999999755090e+01 1.000000000000000000e+00
2.497244999999755066e+01 1.000000000000000000e+00
2.497254999999755043e+01 0.000000000000000000e+00
2.497264999999755020e+01 0.000000000000000000e+00
2.497274999999754996e+01 0.000000000000000000e+00
2.497284999999754973e+01 0.000000000000000000e+00
2.497294999999754950e+01 0.000000000000000000e+00
2.497304999999754926e+01 0.000000000000000000e+00
2.497314999999754903e+01 0.000000000000000000e+00
2.497324999999754880e+01 0.000000000000000000e+00
2.497334999999754857e+01 1.000000000000000000e+00
2.497344999999754833e+01 0.000000000000000000e+00
2.497354999999754810e+01 1.000000000000000000e+00
2.497364999999754787e+01 0.000000000000000000e+00
2.497374999999754763e+01 0.000000000000000000e+00
2.497384999999754740e+01 0.000000000000000000e+00
2.497394999999754717e+01 0.000000000000000000e+00
2.497404999999754693e+01 0.000000000000000000e+00
2.497414999999754670e+01 0.000000000000000000e+00
2.497424999999754647e+01 0.000000000000000000e+00
2.497434999999754623e+01 1.000000000000000000e+00
2.497444999999754600e+01 1.000000000000000000e+00
2.497454999999754577e+01 0.000000000000000000e+00
2.497464999999754554e+01 0.000000000000000000e+00
2.497474999999754530e+01 0.000000000000000000e+00
2.497484999999754507e+01 0.000000000000000000e+00
2.497494999999754484e+01 0.000000000000000000e+00
2.497504999999754460e+01 0.000000000000000000e+00
2.497514999999754437e+01 2.000000000000000000e+00
2.497524999999754414e+01 0.000000000000000000e+00
2.497534999999754390e+01 0.000000000000000000e+00
2.497544999999754367e+01 0.000000000000000000e+00
2.497554999999754344e+01 1.000000000000000000e+00
2.497564999999754320e+01 0.000000000000000000e+00
2.497574999999754297e+01 0.000000000000000000e+00
2.497584999999754274e+01 1.000000000000000000e+00
2.497594999999754251e+01 0.000000000000000000e+00
2.497604999999754227e+01 1.000000000000000000e+00
2.497614999999754204e+01 0.000000000000000000e+00
2.497624999999754181e+01 0.000000000000000000e+00
2.497634999999754157e+01 0.000000000000000000e+00
2.497644999999754134e+01 2.000000000000000000e+00
2.497654999999754111e+01 0.000000000000000000e+00
2.497664999999754087e+01 0.000000000000000000e+00
2.497674999999754064e+01 1.000000000000000000e+00
2.497684999999754041e+01 0.000000000000000000e+00
2.497694999999754017e+01 0.000000000000000000e+00
2.497704999999753994e+01 0.000000000000000000e+00
2.497714999999753971e+01 0.000000000000000000e+00
2.497724999999753948e+01 0.000000000000000000e+00
2.497734999999753924e+01 2.000000000000000000e+00
2.497744999999753901e+01 0.000000000000000000e+00
2.497754999999753878e+01 0.000000000000000000e+00
2.497764999999753854e+01 1.000000000000000000e+00
2.497774999999753831e+01 0.000000000000000000e+00
2.497784999999753808e+01 0.000000000000000000e+00
2.497794999999753784e+01 1.000000000000000000e+00
2.497804999999753761e+01 0.000000000000000000e+00
2.497814999999753738e+01 0.000000000000000000e+00
2.497824999999753715e+01 0.000000000000000000e+00
2.497834999999753691e+01 0.000000000000000000e+00
2.497844999999753668e+01 0.000000000000000000e+00
2.497854999999753645e+01 0.000000000000000000e+00
2.497864999999753621e+01 1.000000000000000000e+00
2.497874999999753598e+01 0.000000000000000000e+00
2.497884999999753575e+01 2.000000000000000000e+00
2.497894999999753551e+01 1.000000000000000000e+00
2.497904999999753528e+01 1.000000000000000000e+00
2.497914999999753505e+01 0.000000000000000000e+00
2.497924999999753481e+01 1.000000000000000000e+00
2.497934999999753458e+01 1.000000000000000000e+00
2.497944999999753435e+01 1.000000000000000000e+00
2.497954999999753412e+01 0.000000000000000000e+00
2.497964999999753388e+01 2.000000000000000000e+00
2.497974999999753365e+01 1.000000000000000000e+00
2.497984999999753342e+01 0.000000000000000000e+00
2.497994999999753318e+01 0.000000000000000000e+00
2.498004999999753295e+01 0.000000000000000000e+00
2.498014999999753272e+01 0.000000000000000000e+00
2.498024999999753248e+01 1.000000000000000000e+00
2.498034999999753225e+01 0.000000000000000000e+00
2.498044999999753202e+01 0.000000000000000000e+00
2.498054999999753178e+01 1.000000000000000000e+00
2.498064999999753155e+01 0.000000000000000000e+00
2.498074999999753132e+01 0.000000000000000000e+00
2.498084999999753109e+01 0.000000000000000000e+00
2.498094999999753085e+01 1.000000000000000000e+00
2.498104999999753062e+01 0.000000000000000000e+00
2.498114999999753039e+01 0.000000000000000000e+00
2.498124999999753015e+01 1.000000000000000000e+00
2.498134999999752992e+01 0.000000000000000000e+00
2.498144999999752969e+01 0.000000000000000000e+00
2.498154999999752945e+01 0.000000000000000000e+00
2.498164999999752922e+01 0.000000000000000000e+00
2.498174999999752899e+01 0.000000000000000000e+00
2.498184999999752876e+01 1.000000000000000000e+00
2.498194999999752852e+01 1.000000000000000000e+00
2.498204999999752829e+01 0.000000000000000000e+00
2.498214999999752806e+01 0.000000000000000000e+00
2.498224999999752782e+01 0.000000000000000000e+00
2.498234999999752759e+01 0.000000000000000000e+00
2.498244999999752736e+01 0.000000000000000000e+00
2.498254999999752712e+01 0.000000000000000000e+00
2.498264999999752689e+01 0.000000000000000000e+00
2.498274999999752666e+01 0.000000000000000000e+00
2.498284999999752642e+01 0.000000000000000000e+00
2.498294999999752619e+01 0.000000000000000000e+00
2.498304999999752596e+01 0.000000000000000000e+00
2.498314999999752573e+01 0.000000000000000000e+00
2.498324999999752549e+01 1.000000000000000000e+00
2.498334999999752526e+01 0.000000000000000000e+00
2.498344999999752503e+01 1.000000000000000000e+00
2.498354999999752479e+01 0.000000000000000000e+00
2.498364999999752456e+01 0.000000000000000000e+00
2.498374999999752433e+01 1.000000000000000000e+00
2.498384999999752409e+01 0.000000000000000000e+00
2.498394999999752386e+01 0.000000000000000000e+00
2.498404999999752363e+01 0.000000000000000000e+00
2.498414999999752339e+01 0.000000000000000000e+00
2.498424999999752316e+01 1.000000000000000000e+00
2.498434999999752293e+01 1.000000000000000000e+00
2.498444999999752270e+01 0.000000000000000000e+00
2.498454999999752246e+01 0.000000000000000000e+00
2.498464999999752223e+01 0.000000000000000000e+00
2.498474999999752200e+01 0.000000000000000000e+00
2.498484999999752176e+01 0.000000000000000000e+00
2.498494999999752153e+01 0.000000000000000000e+00
2.498504999999752130e+01 0.000000000000000000e+00
2.498514999999752106e+01 0.000000000000000000e+00
2.498524999999752083e+01 0.000000000000000000e+00
2.498534999999752060e+01 0.000000000000000000e+00
2.498544999999752037e+01 0.000000000000000000e+00
2.498554999999752013e+01 0.000000000000000000e+00
2.498564999999751990e+01 0.000000000000000000e+00
2.498574999999751967e+01 1.000000000000000000e+00
2.498584999999751943e+01 0.000000000000000000e+00
2.498594999999751920e+01 0.000000000000000000e+00
2.498604999999751897e+01 0.000000000000000000e+00
2.498614999999751873e+01 1.000000000000000000e+00
2.498624999999751850e+01 0.000000000000000000e+00
2.498634999999751827e+01 0.000000000000000000e+00
2.498644999999751803e+01 0.000000000000000000e+00
2.498654999999751780e+01 0.000000000000000000e+00
2.498664999999751757e+01 1.000000000000000000e+00
2.498674999999751734e+01 0.000000000000000000e+00
2.498684999999751710e+01 0.000000000000000000e+00
2.498694999999751687e+01 0.000000000000000000e+00
2.498704999999751664e+01 2.000000000000000000e+00
2.498714999999751640e+01 1.000000000000000000e+00
2.498724999999751617e+01 0.000000000000000000e+00
2.498734999999751594e+01 1.000000000000000000e+00
2.498744999999751570e+01 0.000000000000000000e+00
2.498754999999751547e+01 0.000000000000000000e+00
2.498764999999751524e+01 0.000000000000000000e+00
2.498774999999751500e+01 0.000000000000000000e+00
2.498784999999751477e+01 0.000000000000000000e+00
2.498794999999751454e+01 0.000000000000000000e+00
2.498804999999751431e+01 0.000000000000000000e+00
2.498814999999751407e+01 1.000000000000000000e+00
2.498824999999751384e+01 0.000000000000000000e+00
2.498834999999751361e+01 0.000000000000000000e+00
2.498844999999751337e+01 0.000000000000000000e+00
2.498854999999751314e+01 0.000000000000000000e+00
2.498864999999751291e+01 0.000000000000000000e+00
2.498874999999751267e+01 1.000000000000000000e+00
2.498884999999751244e+01 0.000000000000000000e+00
2.498894999999751221e+01 1.000000000000000000e+00
2.498904999999751197e+01 1.000000000000000000e+00
2.498914999999751174e+01 1.000000000000000000e+00
2.498924999999751151e+01 1.000000000000000000e+00
2.498934999999751128e+01 0.000000000000000000e+00
2.498944999999751104e+01 0.000000000000000000e+00
2.498954999999751081e+01 0.000000000000000000e+00
2.498964999999751058e+01 2.000000000000000000e+00
2.498974999999751034e+01 0.000000000000000000e+00
2.498984999999751011e+01 1.000000000000000000e+00
2.498994999999750988e+01 1.000000000000000000e+00
2.499004999999750964e+01 0.000000000000000000e+00
2.499014999999750941e+01 0.000000000000000000e+00
2.499024999999750918e+01 0.000000000000000000e+00
2.499034999999750895e+01 1.000000000000000000e+00
2.499044999999750871e+01 1.000000000000000000e+00
2.499054999999750848e+01 1.000000000000000000e+00
2.499064999999750825e+01 0.000000000000000000e+00
2.499074999999750801e+01 0.000000000000000000e+00
2.499084999999750778e+01 1.000000000000000000e+00
2.499094999999750755e+01 0.000000000000000000e+00
2.499104999999750731e+01 0.000000000000000000e+00
2.499114999999750708e+01 0.000000000000000000e+00
2.499124999999750685e+01 0.000000000000000000e+00
2.499134999999750661e+01 1.000000000000000000e+00
2.499144999999750638e+01 0.000000000000000000e+00
2.499154999999750615e+01 0.000000000000000000e+00
2.499164999999750592e+01 0.000000000000000000e+00
2.499174999999750568e+01 0.000000000000000000e+00
2.499184999999750545e+01 0.000000000000000000e+00
2.499194999999750522e+01 0.000000000000000000e+00
2.499204999999750498e+01 0.000000000000000000e+00
2.499214999999750475e+01 0.000000000000000000e+00
2.499224999999750452e+01 2.000000000000000000e+00
2.499234999999750428e+01 1.000000000000000000e+00
2.499244999999750405e+01 0.000000000000000000e+00
2.499254999999750382e+01 0.000000000000000000e+00
2.499264999999750358e+01 1.000000000000000000e+00
2.499274999999750335e+01 0.000000000000000000e+00
2.499284999999750312e+01 0.000000000000000000e+00
2.499294999999750289e+01 1.000000000000000000e+00
2.499304999999750265e+01 0.000000000000000000e+00
2.499314999999750242e+01 0.000000000000000000e+00
2.499324999999750219e+01 0.000000000000000000e+00
2.499334999999750195e+01 0.000000000000000000e+00
2.499344999999750172e+01 0.000000000000000000e+00
2.499354999999750149e+01 1.000000000000000000e+00
2.499364999999750125e+01 0.000000000000000000e+00
2.499374999999750102e+01 0.000000000000000000e+00
2.499384999999750079e+01 0.000000000000000000e+00
2.499394999999750056e+01 1.000000000000000000e+00
2.499404999999750032e+01 0.000000000000000000e+00
2.499414999999750009e+01 0.000000000000000000e+00
2.499424999999749986e+01 0.000000000000000000e+00
2.499434999999749962e+01 0.000000000000000000e+00
2.499444999999749939e+01 0.000000000000000000e+00
2.499454999999749916e+01 0.000000000000000000e+00
2.499464999999749892e+01 1.000000000000000000e+00
2.499474999999749869e+01 0.000000000000000000e+00
2.499484999999749846e+01 1.000000000000000000e+00
2.499494999999749822e+01 0.000000000000000000e+00
2.499504999999749799e+01 1.000000000000000000e+00
2.499514999999749776e+01 0.000000000000000000e+00
2.499524999999749753e+01 0.000000000000000000e+00
2.499534999999749729e+01 1.000000000000000000e+00
2.499544999999749706e+01 0.000000000000000000e+00
2.499554999999749683e+01 0.000000000000000000e+00
2.499564999999749659e+01 0.000000000000000000e+00
2.499574999999749636e+01 0.000000000000000000e+00
2.499584999999749613e+01 0.000000000000000000e+00
2.499594999999749589e+01 0.000000000000000000e+00
2.499604999999749566e+01 2.000000000000000000e+00
2.499614999999749543e+01 1.000000000000000000e+00
2.499624999999749519e+01 0.000000000000000000e+00
2.499634999999749496e+01 1.000000000000000000e+00
2.499644999999749473e+01 0.000000000000000000e+00
2.499654999999749450e+01 0.000000000000000000e+00
2.499664999999749426e+01 0.000000000000000000e+00
2.499674999999749403e+01 0.000000000000000000e+00
2.499684999999749380e+01 1.000000000000000000e+00
2.499694999999749356e+01 1.000000000000000000e+00
2.499704999999749333e+01 0.000000000000000000e+00
2.499714999999749310e+01 1.000000000000000000e+00
2.499724999999749286e+01 1.000000000000000000e+00
2.499734999999749263e+01 0.000000000000000000e+00
2.499744999999749240e+01 2.000000000000000000e+00
2.499754999999749216e+01 0.000000000000000000e+00
2.499764999999749193e+01 0.000000000000000000e+00
2.499774999999749170e+01 0.000000000000000000e+00
2.499784999999749147e+01 2.000000000000000000e+00
2.499794999999749123e+01 1.000000000000000000e+00
2.499804999999749100e+01 1.000000000000000000e+00
2.499814999999749077e+01 0.000000000000000000e+00
2.499824999999749053e+01 0.000000000000000000e+00
2.499834999999749030e+01 1.000000000000000000e+00
2.499844999999749007e+01 0.000000000000000000e+00
2.499854999999748983e+01 0.000000000000000000e+00
2.499864999999748960e+01 0.000000000000000000e+00
2.499874999999748937e+01 1.000000000000000000e+00
2.499884999999748914e+01 3.000000000000000000e+00
2.499894999999748890e+01 0.000000000000000000e+00
2.499904999999748867e+01 1.000000000000000000e+00
2.499914999999748844e+01 1.000000000000000000e+00
2.499924999999748820e+01 0.000000000000000000e+00
2.499934999999748797e+01 0.000000000000000000e+00
2.499944999999748774e+01 0.000000000000000000e+00
2.499954999999748750e+01 0.000000000000000000e+00
2.499964999999748727e+01 1.000000000000000000e+00
2.499974999999748704e+01 0.000000000000000000e+00
2.499984999999748680e+01 0.000000000000000000e+00
2.499994999999748657e+01 0.000000000000000000e+00
2.500004999999748634e+01 0.000000000000000000e+00
2.500014999999748611e+01 0.000000000000000000e+00
2.500024999999748587e+01 0.000000000000000000e+00
2.500034999999748564e+01 0.000000000000000000e+00
2.500044999999748541e+01 1.000000000000000000e+00
2.500054999999748517e+01 0.000000000000000000e+00
2.500064999999748494e+01 0.000000000000000000e+00
2.500074999999748471e+01 1.000000000000000000e+00
2.500084999999748447e+01 0.000000000000000000e+00
2.500094999999748424e+01 0.000000000000000000e+00
2.500104999999748401e+01 0.000000000000000000e+00
2.500114999999748377e+01 2.000000000000000000e+00
2.500124999999748354e+01 0.000000000000000000e+00
2.500134999999748331e+01 0.000000000000000000e+00
2.500144999999748308e+01 0.000000000000000000e+00
2.500154999999748284e+01 0.000000000000000000e+00
2.500164999999748261e+01 0.000000000000000000e+00
2.500174999999748238e+01 1.000000000000000000e+00
2.500184999999748214e+01 0.000000000000000000e+00
2.500194999999748191e+01 0.000000000000000000e+00
2.500204999999748168e+01 0.000000000000000000e+00
2.500214999999748144e+01 1.000000000000000000e+00
2.500224999999748121e+01 0.000000000000000000e+00
2.500234999999748098e+01 1.000000000000000000e+00
2.500244999999748075e+01 0.000000000000000000e+00
2.500254999999748051e+01 0.000000000000000000e+00
2.500264999999748028e+01 0.000000000000000000e+00
2.500274999999748005e+01 1.000000000000000000e+00
2.500284999999747981e+01 0.000000000000000000e+00
2.500294999999747958e+01 0.000000000000000000e+00
2.500304999999747935e+01 0.000000000000000000e+00
2.500314999999747911e+01 0.000000000000000000e+00
2.500324999999747888e+01 0.000000000000000000e+00
2.500334999999747865e+01 1.000000000000000000e+00
2.500344999999747841e+01 0.000000000000000000e+00
2.500354999999747818e+01 0.000000000000000000e+00
2.500364999999747795e+01 0.000000000000000000e+00
2.500374999999747772e+01 0.000000000000000000e+00
2.500384999999747748e+01 0.000000000000000000e+00
2.500394999999747725e+01 0.000000000000000000e+00
2.500404999999747702e+01 0.000000000000000000e+00
2.500414999999747678e+01 1.000000000000000000e+00
2.500424999999747655e+01 0.000000000000000000e+00
2.500434999999747632e+01 0.000000000000000000e+00
2.500444999999747608e+01 0.000000000000000000e+00
2.500454999999747585e+01 0.000000000000000000e+00
2.500464999999747562e+01 0.000000000000000000e+00
2.500474999999747538e+01 0.000000000000000000e+00
2.500484999999747515e+01 0.000000000000000000e+00
2.500494999999747492e+01 0.000000000000000000e+00
2.500504999999747469e+01 1.000000000000000000e+00
2.500514999999747445e+01 1.000000000000000000e+00
2.500524999999747422e+01 0.000000000000000000e+00
2.500534999999747399e+01 1.000000000000000000e+00
2.500544999999747375e+01 1.000000000000000000e+00
2.500554999999747352e+01 0.000000000000000000e+00
2.500564999999747329e+01 0.000000000000000000e+00
2.500574999999747305e+01 0.000000000000000000e+00
2.500584999999747282e+01 1.000000000000000000e+00
2.500594999999747259e+01 0.000000000000000000e+00
2.500604999999747236e+01 0.000000000000000000e+00
2.500614999999747212e+01 1.000000000000000000e+00
2.500624999999747189e+01 0.000000000000000000e+00
2.500634999999747166e+01 1.000000000000000000e+00
2.500644999999747142e+01 0.000000000000000000e+00
2.500654999999747119e+01 0.000000000000000000e+00
2.500664999999747096e+01 0.000000000000000000e+00
2.500674999999747072e+01 0.000000000000000000e+00
2.500684999999747049e+01 0.000000000000000000e+00
2.500694999999747026e+01 0.000000000000000000e+00
2.500704999999747002e+01 0.000000000000000000e+00
2.500714999999746979e+01 0.000000000000000000e+00
2.500724999999746956e+01 1.000000000000000000e+00
2.500734999999746933e+01 1.000000000000000000e+00
2.500744999999746909e+01 3.000000000000000000e+00
2.500754999999746886e+01 0.000000000000000000e+00
2.500764999999746863e+01 0.000000000000000000e+00
2.500774999999746839e+01 1.000000000000000000e+00
2.500784999999746816e+01 0.000000000000000000e+00
2.500794999999746793e+01 0.000000000000000000e+00
2.500804999999746769e+01 0.000000000000000000e+00
2.500814999999746746e+01 0.000000000000000000e+00
2.500824999999746723e+01 0.000000000000000000e+00
2.500834999999746699e+01 0.000000000000000000e+00
2.500844999999746676e+01 0.000000000000000000e+00
2.500854999999746653e+01 0.000000000000000000e+00
2.500864999999746630e+01 2.000000000000000000e+00
2.500874999999746606e+01 0.000000000000000000e+00
2.500884999999746583e+01 0.000000000000000000e+00
2.500894999999746560e+01 0.000000000000000000e+00
2.500904999999746536e+01 0.000000000000000000e+00
2.500914999999746513e+01 0.000000000000000000e+00
2.500924999999746490e+01 0.000000000000000000e+00
2.500934999999746466e+01 0.000000000000000000e+00
2.500944999999746443e+01 0.000000000000000000e+00
2.500954999999746420e+01 0.000000000000000000e+00
2.500964999999746396e+01 0.000000000000000000e+00
2.500974999999746373e+01 0.000000000000000000e+00
2.500984999999746350e+01 0.000000000000000000e+00
2.500994999999746327e+01 1.000000000000000000e+00
2.501004999999746303e+01 1.000000000000000000e+00
2.501014999999746280e+01 0.000000000000000000e+00
2.501024999999746257e+01 1.000000000000000000e+00
2.501034999999746233e+01 0.000000000000000000e+00
2.501044999999746210e+01 1.000000000000000000e+00
2.501054999999746187e+01 1.000000000000000000e+00
2.501064999999746163e+01 1.000000000000000000e+00
2.501074999999746140e+01 0.000000000000000000e+00
2.501084999999746117e+01 0.000000000000000000e+00
2.501094999999746094e+01 0.000000000000000000e+00
2.501104999999746070e+01 0.000000000000000000e+00
2.501114999999746047e+01 0.000000000000000000e+00
2.501124999999746024e+01 0.000000000000000000e+00
2.501134999999746000e+01 1.000000000000000000e+00
2.501144999999745977e+01 0.000000000000000000e+00
2.501154999999745954e+01 0.000000000000000000e+00
2.501164999999745930e+01 1.000000000000000000e+00
2.501174999999745907e+01 0.000000000000000000e+00
2.501184999999745884e+01 1.000000000000000000e+00
2.501194999999745860e+01 0.000000000000000000e+00
2.501204999999745837e+01 0.000000000000000000e+00
2.501214999999745814e+01 0.000000000000000000e+00
2.501224999999745791e+01 0.000000000000000000e+00
2.501234999999745767e+01 0.000000000000000000e+00
2.501244999999745744e+01 1.000000000000000000e+00
2.501254999999745721e+01 0.000000000000000000e+00
2.501264999999745697e+01 0.000000000000000000e+00
2.501274999999745674e+01 0.000000000000000000e+00
2.501284999999745651e+01 0.000000000000000000e+00
2.501294999999745627e+01 0.000000000000000000e+00
2.501304999999745604e+01 0.000000000000000000e+00
2.501314999999745581e+01 0.000000000000000000e+00
2.501324999999745557e+01 0.000000000000000000e+00
2.501334999999745534e+01 1.000000000000000000e+00
2.501344999999745511e+01 1.000000000000000000e+00
2.501354999999745488e+01 0.000000000000000000e+00
2.501364999999745464e+01 0.000000000000000000e+00
2.501374999999745441e+01 1.000000000000000000e+00
2.501384999999745418e+01 0.000000000000000000e+00
2.501394999999745394e+01 0.000000000000000000e+00
2.501404999999745371e+01 0.000000000000000000e+00
2.501414999999745348e+01 1.000000000000000000e+00
2.501424999999745324e+01 3.000000000000000000e+00
2.501434999999745301e+01 0.000000000000000000e+00
2.501444999999745278e+01 2.000000000000000000e+00
2.501454999999745255e+01 1.000000000000000000e+00
2.501464999999745231e+01 0.000000000000000000e+00
2.501474999999745208e+01 0.000000000000000000e+00
2.501484999999745185e+01 0.000000000000000000e+00
2.501494999999745161e+01 0.000000000000000000e+00
2.501504999999745138e+01 0.000000000000000000e+00
2.501514999999745115e+01 0.000000000000000000e+00
2.501524999999745091e+01 0.000000000000000000e+00
2.501534999999745068e+01 1.000000000000000000e+00
2.501544999999745045e+01 0.000000000000000000e+00
2.501554999999745021e+01 1.000000000000000000e+00
2.501564999999744998e+01 1.000000000000000000e+00
2.501574999999744975e+01 0.000000000000000000e+00
2.501584999999744952e+01 0.000000000000000000e+00
2.501594999999744928e+01 1.000000000000000000e+00
2.501604999999744905e+01 0.000000000000000000e+00
2.501614999999744882e+01 0.000000000000000000e+00
2.501624999999744858e+01 1.000000000000000000e+00
2.501634999999744835e+01 0.000000000000000000e+00
2.501644999999744812e+01 1.000000000000000000e+00
2.501654999999744788e+01 0.000000000000000000e+00
2.501664999999744765e+01 1.000000000000000000e+00
2.501674999999744742e+01 0.000000000000000000e+00
2.501684999999744718e+01 0.000000000000000000e+00
2.501694999999744695e+01 0.000000000000000000e+00
2.501704999999744672e+01 1.000000000000000000e+00
2.501714999999744649e+01 0.000000000000000000e+00
2.501724999999744625e+01 1.000000000000000000e+00
2.501734999999744602e+01 2.000000000000000000e+00
2.501744999999744579e+01 0.000000000000000000e+00
2.501754999999744555e+01 0.000000000000000000e+00
2.501764999999744532e+01 0.000000000000000000e+00
2.501774999999744509e+01 0.000000000000000000e+00
2.501784999999744485e+01 0.000000000000000000e+00
2.501794999999744462e+01 1.000000000000000000e+00
2.501804999999744439e+01 0.000000000000000000e+00
2.501814999999744416e+01 3.000000000000000000e+00
2.501824999999744392e+01 1.000000000000000000e+00
2.501834999999744369e+01 0.000000000000000000e+00
2.501844999999744346e+01 0.000000000000000000e+00
2.501854999999744322e+01 0.000000000000000000e+00
2.501864999999744299e+01 0.000000000000000000e+00
2.501874999999744276e+01 1.000000000000000000e+00
2.501884999999744252e+01 0.000000000000000000e+00
2.501894999999744229e+01 0.000000000000000000e+00
2.501904999999744206e+01 0.000000000000000000e+00
2.501914999999744182e+01 0.000000000000000000e+00
2.501924999999744159e+01 0.000000000000000000e+00
2.501934999999744136e+01 1.000000000000000000e+00
2.501944999999744113e+01 1.000000000000000000e+00
2.501954999999744089e+01 0.000000000000000000e+00
2.501964999999744066e+01 0.000000000000000000e+00
2.501974999999744043e+01 1.000000000000000000e+00
2.501984999999744019e+01 2.000000000000000000e+00
2.501994999999743996e+01 0.000000000000000000e+00
2.502004999999743973e+01 0.000000000000000000e+00
2.502014999999743949e+01 0.000000000000000000e+00
2.502024999999743926e+01 0.000000000000000000e+00
2.502034999999743903e+01 0.000000000000000000e+00
2.502044999999743879e+01 0.000000000000000000e+00
2.502054999999743856e+01 2.000000000000000000e+00
2.502064999999743833e+01 0.000000000000000000e+00
2.502074999999743810e+01 0.000000000000000000e+00
2.502084999999743786e+01 0.000000000000000000e+00
2.502094999999743763e+01 0.000000000000000000e+00
2.502104999999743740e+01 2.000000000000000000e+00
2.502114999999743716e+01 2.000000000000000000e+00
2.502124999999743693e+01 0.000000000000000000e+00
2.502134999999743670e+01 1.000000000000000000e+00
2.502144999999743646e+01 0.000000000000000000e+00
2.502154999999743623e+01 1.000000000000000000e+00
2.502164999999743600e+01 1.000000000000000000e+00
2.502174999999743576e+01 0.000000000000000000e+00
2.502184999999743553e+01 2.000000000000000000e+00
2.502194999999743530e+01 1.000000000000000000e+00
2.502204999999743507e+01 1.000000000000000000e+00
2.502214999999743483e+01 1.000000000000000000e+00
2.502224999999743460e+01 0.000000000000000000e+00
2.502234999999743437e+01 1.000000000000000000e+00
2.502244999999743413e+01 1.000000000000000000e+00
2.502254999999743390e+01 0.000000000000000000e+00
2.502264999999743367e+01 0.000000000000000000e+00
2.502274999999743343e+01 1.000000000000000000e+00
2.502284999999743320e+01 0.000000000000000000e+00
2.502294999999743297e+01 1.000000000000000000e+00
2.502304999999743274e+01 0.000000000000000000e+00
2.502314999999743250e+01 0.000000000000000000e+00
2.502324999999743227e+01 1.000000000000000000e+00
2.502334999999743204e+01 0.000000000000000000e+00
2.502344999999743180e+01 2.000000000000000000e+00
2.502354999999743157e+01 1.000000000000000000e+00
2.502364999999743134e+01 1.000000000000000000e+00
2.502374999999743110e+01 1.000000000000000000e+00
2.502384999999743087e+01 0.000000000000000000e+00
2.502394999999743064e+01 0.000000000000000000e+00
2.502404999999743040e+01 0.000000000000000000e+00
2.502414999999743017e+01 1.000000000000000000e+00
2.502424999999742994e+01 0.000000000000000000e+00
2.502434999999742971e+01 0.000000000000000000e+00
2.502444999999742947e+01 0.000000000000000000e+00
2.502454999999742924e+01 1.000000000000000000e+00
2.502464999999742901e+01 2.000000000000000000e+00
2.502474999999742877e+01 1.000000000000000000e+00
2.502484999999742854e+01 0.000000000000000000e+00
2.502494999999742831e+01 0.000000000000000000e+00
2.502504999999742807e+01 0.000000000000000000e+00
2.502514999999742784e+01 1.000000000000000000e+00
2.502524999999742761e+01 0.000000000000000000e+00
2.502534999999742737e+01 0.000000000000000000e+00
2.502544999999742714e+01 0.000000000000000000e+00
2.502554999999742691e+01 0.000000000000000000e+00
2.502564999999742668e+01 0.000000000000000000e+00
2.502574999999742644e+01 0.000000000000000000e+00
2.502584999999742621e+01 0.000000000000000000e+00
2.502594999999742598e+01 0.000000000000000000e+00
2.502604999999742574e+01 1.000000000000000000e+00
2.502614999999742551e+01 2.000000000000000000e+00
2.502624999999742528e+01 0.000000000000000000e+00
2.502634999999742504e+01 0.000000000000000000e+00
2.502644999999742481e+01 0.000000000000000000e+00
2.502654999999742458e+01 0.000000000000000000e+00
2.502664999999742435e+01 1.000000000000000000e+00
2.502674999999742411e+01 0.000000000000000000e+00
2.502684999999742388e+01 0.000000000000000000e+00
2.502694999999742365e+01 0.000000000000000000e+00
2.502704999999742341e+01 2.000000000000000000e+00
2.502714999999742318e+01 0.000000000000000000e+00
2.502724999999742295e+01 0.000000000000000000e+00
2.502734999999742271e+01 0.000000000000000000e+00
2.502744999999742248e+01 0.000000000000000000e+00
2.502754999999742225e+01 0.000000000000000000e+00
2.502764999999742201e+01 0.000000000000000000e+00
2.502774999999742178e+01 0.000000000000000000e+00
2.502784999999742155e+01 0.000000000000000000e+00
2.502794999999742132e+01 1.000000000000000000e+00
2.502804999999742108e+01 3.000000000000000000e+00
2.502814999999742085e+01 0.000000000000000000e+00
2.502824999999742062e+01 0.000000000000000000e+00
2.502834999999742038e+01 1.000000000000000000e+00
2.502844999999742015e+01 0.000000000000000000e+00
2.502854999999741992e+01 0.000000000000000000e+00
2.502864999999741968e+01 0.000000000000000000e+00
2.502874999999741945e+01 2.000000000000000000e+00
2.502884999999741922e+01 0.000000000000000000e+00
2.502894999999741898e+01 0.000000000000000000e+00
2.502904999999741875e+01 1.000000000000000000e+00
2.502914999999741852e+01 1.000000000000000000e+00
2.502924999999741829e+01 1.000000000000000000e+00
2.502934999999741805e+01 0.000000000000000000e+00
2.502944999999741782e+01 1.000000000000000000e+00
2.502954999999741759e+01 0.000000000000000000e+00
2.502964999999741735e+01 0.000000000000000000e+00
2.502974999999741712e+01 1.000000000000000000e+00
2.502984999999741689e+01 0.000000000000000000e+00
2.502994999999741665e+01 0.000000000000000000e+00
2.503004999999741642e+01 0.000000000000000000e+00
2.503014999999741619e+01 1.000000000000000000e+00
2.503024999999741596e+01 0.000000000000000000e+00
2.503034999999741572e+01 1.000000000000000000e+00
2.503044999999741549e+01 1.000000000000000000e+00
2.503054999999741526e+01 0.000000000000000000e+00
2.503064999999741502e+01 1.000000000000000000e+00
2.503074999999741479e+01 0.000000000000000000e+00
2.503084999999741456e+01 0.000000000000000000e+00
2.503094999999741432e+01 0.000000000000000000e+00
2.503104999999741409e+01 0.000000000000000000e+00
2.503114999999741386e+01 1.000000000000000000e+00
2.503124999999741362e+01 0.000000000000000000e+00
2.503134999999741339e+01 0.000000000000000000e+00
2.503144999999741316e+01 0.000000000000000000e+00
2.503154999999741293e+01 0.000000000000000000e+00
2.503164999999741269e+01 0.000000000000000000e+00
2.503174999999741246e+01 0.000000000000000000e+00
2.503184999999741223e+01 0.000000000000000000e+00
2.503194999999741199e+01 0.000000000000000000e+00
2.503204999999741176e+01 0.000000000000000000e+00
2.503214999999741153e+01 0.000000000000000000e+00
2.503224999999741129e+01 1.000000000000000000e+00
2.503234999999741106e+01 0.000000000000000000e+00
2.503244999999741083e+01 1.000000000000000000e+00
2.503254999999741059e+01 1.000000000000000000e+00
2.503264999999741036e+01 0.000000000000000000e+00
2.503274999999741013e+01 0.000000000000000000e+00
2.503284999999740990e+01 0.000000000000000000e+00
2.503294999999740966e+01 0.000000000000000000e+00
2.503304999999740943e+01 1.000000000000000000e+00
2.503314999999740920e+01 1.000000000000000000e+00
2.503324999999740896e+01 0.000000000000000000e+00
2.503334999999740873e+01 0.000000000000000000e+00
2.503344999999740850e+01 0.000000000000000000e+00
2.503354999999740826e+01 0.000000000000000000e+00
2.503364999999740803e+01 2.000000000000000000e+00
2.503374999999740780e+01 1.000000000000000000e+00
2.503384999999740756e+01 0.000000000000000000e+00
2.503394999999740733e+01 0.000000000000000000e+00
2.503404999999740710e+01 0.000000000000000000e+00
2.503414999999740687e+01 0.000000000000000000e+00
2.503424999999740663e+01 0.000000000000000000e+00
2.503434999999740640e+01 0.000000000000000000e+00
2.503444999999740617e+01 0.000000000000000000e+00
2.503454999999740593e+01 0.000000000000000000e+00
2.503464999999740570e+01 0.000000000000000000e+00
2.503474999999740547e+01 1.000000000000000000e+00
2.503484999999740523e+01 1.000000000000000000e+00
2.503494999999740500e+01 0.000000000000000000e+00
2.503504999999740477e+01 1.000000000000000000e+00
2.503514999999740454e+01 1.000000000000000000e+00
2.503524999999740430e+01 2.000000000000000000e+00
2.503534999999740407e+01 0.000000000000000000e+00
2.503544999999740384e+01 1.000000000000000000e+00
2.503554999999740360e+01 1.000000000000000000e+00
2.503564999999740337e+01 0.000000000000000000e+00
2.503574999999740314e+01 1.000000000000000000e+00
2.503584999999740290e+01 1.000000000000000000e+00
2.503594999999740267e+01 1.000000000000000000e+00
2.503604999999740244e+01 0.000000000000000000e+00
2.503614999999740220e+01 0.000000000000000000e+00
2.503624999999740197e+01 0.000000000000000000e+00
2.503634999999740174e+01 1.000000000000000000e+00
2.503644999999740151e+01 1.000000000000000000e+00
2.503654999999740127e+01 1.000000000000000000e+00
2.503664999999740104e+01 0.000000000000000000e+00
2.503674999999740081e+01 0.000000000000000000e+00
2.503684999999740057e+01 1.000000000000000000e+00
2.503694999999740034e+01 0.000000000000000000e+00
2.503704999999740011e+01 1.000000000000000000e+00
2.503714999999739987e+01 3.000000000000000000e+00
2.503724999999739964e+01 0.000000000000000000e+00
2.503734999999739941e+01 0.000000000000000000e+00
2.503744999999739917e+01 0.000000000000000000e+00
2.503754999999739894e+01 0.000000000000000000e+00
2.503764999999739871e+01 0.000000000000000000e+00
2.503774999999739848e+01 0.000000000000000000e+00
2.503784999999739824e+01 1.000000000000000000e+00
2.503794999999739801e+01 0.000000000000000000e+00
2.503804999999739778e+01 1.000000000000000000e+00
2.503814999999739754e+01 0.000000000000000000e+00
2.503824999999739731e+01 0.000000000000000000e+00
2.503834999999739708e+01 0.000000000000000000e+00
2.503844999999739684e+01 0.000000000000000000e+00
2.503854999999739661e+01 0.000000000000000000e+00
2.503864999999739638e+01 0.000000000000000000e+00
2.503874999999739615e+01 1.000000000000000000e+00
2.503884999999739591e+01 0.000000000000000000e+00
2.503894999999739568e+01 1.000000000000000000e+00
2.503904999999739545e+01 1.000000000000000000e+00
2.503914999999739521e+01 0.000000000000000000e+00
2.503924999999739498e+01 0.000000000000000000e+00
2.503934999999739475e+01 1.000000000000000000e+00
2.503944999999739451e+01 0.000000000000000000e+00
2.503954999999739428e+01 0.000000000000000000e+00
2.503964999999739405e+01 0.000000000000000000e+00
2.503974999999739381e+01 0.000000000000000000e+00
2.503984999999739358e+01 2.000000000000000000e+00
2.503994999999739335e+01 1.000000000000000000e+00
2.504004999999739312e+01 0.000000000000000000e+00
2.504014999999739288e+01 0.000000000000000000e+00
2.504024999999739265e+01 0.000000000000000000e+00
2.504034999999739242e+01 2.000000000000000000e+00
2.504044999999739218e+01 0.000000000000000000e+00
2.504054999999739195e+01 1.000000000000000000e+00
2.504064999999739172e+01 0.000000000000000000e+00
2.504074999999739148e+01 0.000000000000000000e+00
2.504084999999739125e+01 0.000000000000000000e+00
2.504094999999739102e+01 2.000000000000000000e+00
2.504104999999739078e+01 0.000000000000000000e+00
